BP2673	NZ_CP012088.1	100.00	951	0	0	1	951	234372	235322	0.0	1757
BP2673	NZ_CP012088.1	100.00	951	0	0	1	951	1217850	1218800	0.0	1757
BP2673	NZ_CP012088.1	100.00	951	0	0	1	951	4033017	4033967	0.0	1757
BP2673	NZ_CP012088.1	99.89	951	1	0	1	951	3534522	3535472	0.0	1751
BP2673	NZ_CP012088.1	99.78	919	2	0	33	951	649641	650559	0.0	1687
BP2673	NZ_CP012088.1	100.00	835	0	0	33	867	78683	79517	0.0	1543
BP1388	NZ_CP012088.1	100.00	1017	0	0	1	1017	1000571	999555	0.0	1879
BP1388	NZ_CP012088.1	100.00	1017	0	0	1	1017	1786402	1785386	0.0	1879
BP1388	NZ_CP012088.1	100.00	1017	0	0	1	1017	2212780	2213796	0.0	1879
BP1388	NZ_CP012088.1	100.00	1017	0	0	1	1017	2582189	2581173	0.0	1879
BP1388	NZ_CP012088.1	100.00	1017	0	0	1	1017	3445963	3444947	0.0	1879
BP1388	NZ_CP012088.1	99.90	1017	1	0	1	1017	885776	884760	0.0	1873
BP1388	NZ_CP012088.1	99.90	1017	1	0	1	1017	1060463	1059447	0.0	1873
BP1388	NZ_CP012088.1	99.90	1017	1	0	1	1017	1069829	1068813	0.0	1873
BP1388	NZ_CP012088.1	99.90	1017	1	0	1	1017	2606300	2607316	0.0	1873
BP1388	NZ_CP012088.1	99.90	1017	1	0	1	1017	2856003	2854987	0.0	1873
BP1388	NZ_CP012088.1	99.80	1017	2	0	1	1017	1958629	1959645	0.0	1868
BP1388	NZ_CP012088.1	99.80	1017	2	0	1	1017	3463708	3464724	0.0	1868
BP1388	NZ_CP012088.1	99.80	1017	2	0	1	1017	3838316	3839332	0.0	1868
BP1388	NZ_CP012088.1	99.71	1017	3	0	1	1017	114945	115961	0.0	1862
BP1388	NZ_CP012088.1	99.71	1017	3	0	1	1017	1078451	1079467	0.0	1862
BP1388	NZ_CP012088.1	99.71	1017	3	0	1	1017	3430414	3431430	0.0	1862
BP0023	NZ_CP012088.1	100.00	951	0	0	1	951	28233	27283	0.0	1757
BP0023	NZ_CP012088.1	100.00	951	0	0	1	951	413335	412385	0.0	1757
BP0023	NZ_CP012088.1	100.00	951	0	0	1	951	430321	431271	0.0	1757
BP0023	NZ_CP012088.1	100.00	951	0	0	1	951	1437688	1436738	0.0	1757
BP0023	NZ_CP012088.1	100.00	951	0	0	1	951	1944472	1945422	0.0	1757
BP0023	NZ_CP012088.1	100.00	951	0	0	1	951	3705357	3706307	0.0	1757
BP0023	NZ_CP012088.1	100.00	950	0	0	1	950	1038067	1037118	0.0	1755
BP0023	NZ_CP012088.1	99.89	951	1	0	1	951	78585	77635	0.0	1751
BP0023	NZ_CP012088.1	99.89	951	1	0	1	951	108378	107428	0.0	1751
BP0023	NZ_CP012088.1	99.89	951	1	0	1	951	122073	121123	0.0	1751
BP0023	NZ_CP012088.1	99.89	951	1	0	1	951	136108	135158	0.0	1751
BP0023	NZ_CP012088.1	99.89	951	1	0	1	951	233335	234285	0.0	1751
BP0023	NZ_CP012088.1	99.89	951	1	0	1	951	265572	266522	0.0	1751
BP0023	NZ_CP012088.1	99.89	951	1	0	1	951	278089	277139	0.0	1751
BP0023	NZ_CP012088.1	99.89	951	1	0	1	951	391806	390856	0.0	1751
BP0023	NZ_CP012088.1	99.89	951	1	0	1	951	448364	447414	0.0	1751
BP0023	NZ_CP012088.1	99.89	951	1	0	1	951	449413	448463	0.0	1751
BP0023	NZ_CP012088.1	99.89	951	1	0	1	951	476120	475170	0.0	1751
BP0023	NZ_CP012088.1	99.89	951	1	0	1	951	619751	620701	0.0	1751
BP0023	NZ_CP012088.1	99.89	951	1	0	1	951	681125	682075	0.0	1751
BP0023	NZ_CP012088.1	99.89	951	1	0	1	951	735852	734902	0.0	1751
BP0023	NZ_CP012088.1	99.89	951	1	0	1	951	758200	757250	0.0	1751
BP0023	NZ_CP012088.1	99.89	951	1	0	1	951	934671	935621	0.0	1751
BP0023	NZ_CP012088.1	99.89	951	1	0	1	951	952833	953783	0.0	1751
BP0023	NZ_CP012088.1	99.89	951	1	0	1	951	976962	977912	0.0	1751
BP0023	NZ_CP012088.1	99.89	951	1	0	1	951	998263	997313	0.0	1751
BP0023	NZ_CP012088.1	99.89	951	1	0	1	951	1046278	1047228	0.0	1751
BP0023	NZ_CP012088.1	99.89	951	1	0	1	951	1117877	1116927	0.0	1751
BP0023	NZ_CP012088.1	99.89	951	1	0	1	951	1177265	1176315	0.0	1751
BP0023	NZ_CP012088.1	99.89	951	1	0	1	951	1438737	1437787	0.0	1751
BP0023	NZ_CP012088.1	99.89	951	1	0	1	951	1464537	1465487	0.0	1751
BP0023	NZ_CP012088.1	99.89	951	1	0	1	951	1486959	1487909	0.0	1751
BP0023	NZ_CP012088.1	99.89	951	1	0	1	951	1515955	1516905	0.0	1751
BP0023	NZ_CP012088.1	99.89	951	1	0	1	951	1535186	1534236	0.0	1751
BP0023	NZ_CP012088.1	99.89	951	1	0	1	951	1582282	1581332	0.0	1751
BP0023	NZ_CP012088.1	99.89	951	1	0	1	951	1643262	1642312	0.0	1751
BP0023	NZ_CP012088.1	99.89	951	1	0	1	951	1833675	1834625	0.0	1751
BP0023	NZ_CP012088.1	99.89	951	1	0	1	951	1914304	1915254	0.0	1751
BP0023	NZ_CP012088.1	99.89	951	1	0	1	951	1921225	1922175	0.0	1751
BP0023	NZ_CP012088.1	99.89	951	1	0	1	951	1943819	1942869	0.0	1751
BP0023	NZ_CP012088.1	99.89	951	1	0	1	951	2073277	2074227	0.0	1751
BP0023	NZ_CP012088.1	99.89	951	1	0	1	951	2172044	2171094	0.0	1751
BP0023	NZ_CP012088.1	99.89	951	1	0	1	951	2196809	2195859	0.0	1751
BP0023	NZ_CP012088.1	99.89	951	1	0	1	951	2475905	2474955	0.0	1751
BP0023	NZ_CP012088.1	99.89	951	1	0	1	951	2521991	2522941	0.0	1751
BP0023	NZ_CP012088.1	99.89	951	1	0	1	951	2575476	2576426	0.0	1751
BP0023	NZ_CP012088.1	99.89	951	1	0	1	951	2670091	2671041	0.0	1751
BP0023	NZ_CP012088.1	99.89	951	1	0	1	951	2671140	2672090	0.0	1751
BP0023	NZ_CP012088.1	99.89	951	1	0	1	951	2788234	2787284	0.0	1751
BP0023	NZ_CP012088.1	99.89	951	1	0	1	951	2838791	2837841	0.0	1751
BP0023	NZ_CP012088.1	99.89	951	1	0	1	951	2910857	2909907	0.0	1751
BP0023	NZ_CP012088.1	99.89	951	1	0	1	951	2920504	2921454	0.0	1751
BP0023	NZ_CP012088.1	99.89	951	1	0	1	951	2957294	2956344	0.0	1751
BP0023	NZ_CP012088.1	99.89	951	1	0	1	951	2969240	2968290	0.0	1751
BP0023	NZ_CP012088.1	99.89	951	1	0	1	951	2994582	2995532	0.0	1751
BP0023	NZ_CP012088.1	99.89	951	1	0	1	951	3048381	3049331	0.0	1751
BP0023	NZ_CP012088.1	99.89	951	1	0	1	951	3091594	3090644	0.0	1751
BP0023	NZ_CP012088.1	99.89	951	1	0	1	951	3151529	3152479	0.0	1751
BP0023	NZ_CP012088.1	99.89	951	1	0	1	951	3293092	3292142	0.0	1751
BP0023	NZ_CP012088.1	99.89	951	1	0	1	951	3313849	3314799	0.0	1751
BP0023	NZ_CP012088.1	99.89	951	1	0	1	951	3478506	3477556	0.0	1751
BP0023	NZ_CP012088.1	99.89	951	1	0	1	951	3572284	3573234	0.0	1751
BP0023	NZ_CP012088.1	99.89	951	1	0	1	951	3585982	3585032	0.0	1751
BP0023	NZ_CP012088.1	99.89	951	1	0	1	951	3587031	3586081	0.0	1751
BP0023	NZ_CP012088.1	99.89	951	1	0	1	951	3660412	3661362	0.0	1751
BP0023	NZ_CP012088.1	99.89	951	1	0	1	951	3754463	3755413	0.0	1751
BP0023	NZ_CP012088.1	99.89	951	1	0	1	951	3786199	3787149	0.0	1751
BP0023	NZ_CP012088.1	99.89	951	1	0	1	951	3790185	3789235	0.0	1751
BP0023	NZ_CP012088.1	99.89	951	1	0	1	951	3954331	3955281	0.0	1751
BP0023	NZ_CP012088.1	99.89	951	1	0	1	951	4034066	4035016	0.0	1751
BP0023	NZ_CP012088.1	99.89	951	1	0	1	951	4035115	4036065	0.0	1751
BP0023	NZ_CP012088.1	99.89	951	1	0	1	951	4069407	4070357	0.0	1751
BP0023	NZ_CP012088.1	99.89	950	1	0	1	950	421147	422096	0.0	1749
BP0023	NZ_CP012088.1	99.89	950	1	0	1	950	677289	678238	0.0	1749
BP0023	NZ_CP012088.1	99.89	950	1	0	1	950	776464	777413	0.0	1749
BP0023	NZ_CP012088.1	99.89	950	1	0	1	950	1153229	1154178	0.0	1749
BP0023	NZ_CP012088.1	99.89	950	1	0	1	950	2133988	2133039	0.0	1749
BP0023	NZ_CP012088.1	99.89	950	1	0	1	950	2450162	2451111	0.0	1749
BP0023	NZ_CP012088.1	99.89	950	1	0	1	950	3305622	3304673	0.0	1749
BP0023	NZ_CP012088.1	99.79	951	2	0	1	951	50142	51092	0.0	1746
BP0023	NZ_CP012088.1	99.79	951	2	0	1	951	58448	57498	0.0	1746
BP0023	NZ_CP012088.1	99.79	951	2	0	1	951	69086	70036	0.0	1746
BP0023	NZ_CP012088.1	99.79	951	2	0	1	951	165842	164892	0.0	1746
BP0023	NZ_CP012088.1	99.79	951	2	0	1	951	174300	175250	0.0	1746
BP0023	NZ_CP012088.1	99.79	951	2	0	1	951	194404	195354	0.0	1746
BP0023	NZ_CP012088.1	99.79	951	2	0	1	951	225402	224452	0.0	1746
BP0023	NZ_CP012088.1	99.79	951	2	0	1	951	286922	285972	0.0	1746
BP0023	NZ_CP012088.1	99.79	951	2	0	1	951	301501	300551	0.0	1746
BP0023	NZ_CP012088.1	99.79	951	2	0	1	951	302069	303019	0.0	1746
BP0023	NZ_CP012088.1	99.79	951	2	0	1	951	330383	331333	0.0	1746
BP0023	NZ_CP012088.1	99.79	951	2	0	1	951	355867	354917	0.0	1746
BP0023	NZ_CP012088.1	99.79	951	2	0	1	951	366253	365303	0.0	1746
BP0023	NZ_CP012088.1	99.79	951	2	0	1	951	465902	466852	0.0	1746
BP0023	NZ_CP012088.1	99.79	951	2	0	1	951	523354	522404	0.0	1746
BP0023	NZ_CP012088.1	99.79	951	2	0	1	951	589370	590320	0.0	1746
BP0023	NZ_CP012088.1	99.79	951	2	0	1	951	636690	635740	0.0	1746
BP0023	NZ_CP012088.1	99.79	951	2	0	1	951	689321	688371	0.0	1746
BP0023	NZ_CP012088.1	99.79	951	2	0	1	951	719264	720214	0.0	1746
BP0023	NZ_CP012088.1	99.79	951	2	0	1	951	748090	747140	0.0	1746
BP0023	NZ_CP012088.1	99.79	951	2	0	1	951	751299	752249	0.0	1746
BP0023	NZ_CP012088.1	99.79	951	2	0	1	951	761220	762170	0.0	1746
BP0023	NZ_CP012088.1	99.79	951	2	0	1	951	853049	853999	0.0	1746
BP0023	NZ_CP012088.1	99.79	951	2	0	1	951	861736	860786	0.0	1746
BP0023	NZ_CP012088.1	99.79	951	2	0	1	951	901362	902312	0.0	1746
BP0023	NZ_CP012088.1	99.79	951	2	0	1	951	902411	903361	0.0	1746
BP0023	NZ_CP012088.1	99.79	951	2	0	1	951	912974	913924	0.0	1746
BP0023	NZ_CP012088.1	99.79	951	2	0	1	951	938375	939325	0.0	1746
BP0023	NZ_CP012088.1	99.79	951	2	0	1	951	1081510	1082460	0.0	1746
BP0023	NZ_CP012088.1	99.79	951	2	0	1	951	1112194	1113144	0.0	1746
BP0023	NZ_CP012088.1	99.79	951	2	0	1	951	1125560	1126510	0.0	1746
BP0023	NZ_CP012088.1	99.79	951	2	0	1	951	1158527	1157577	0.0	1746
BP0023	NZ_CP012088.1	99.79	951	2	0	1	951	1196975	1197925	0.0	1746
BP0023	NZ_CP012088.1	99.79	951	2	0	1	951	1216813	1217763	0.0	1746
BP0023	NZ_CP012088.1	99.79	951	2	0	1	951	1236200	1235250	0.0	1746
BP0023	NZ_CP012088.1	99.79	951	2	0	1	951	1297774	1298724	0.0	1746
BP0023	NZ_CP012088.1	99.79	951	2	0	1	951	1319596	1320546	0.0	1746
BP0023	NZ_CP012088.1	99.79	951	2	0	1	951	1324877	1323927	0.0	1746
BP0023	NZ_CP012088.1	99.79	951	2	0	1	951	1326936	1327886	0.0	1746
BP0023	NZ_CP012088.1	99.79	951	2	0	1	951	1337492	1338442	0.0	1746
BP0023	NZ_CP012088.1	99.79	951	2	0	1	951	1383381	1384331	0.0	1746
BP0023	NZ_CP012088.1	99.79	951	2	0	1	951	1424560	1425510	0.0	1746
BP0023	NZ_CP012088.1	99.79	951	2	0	1	951	1469322	1470272	0.0	1746
BP0023	NZ_CP012088.1	99.79	951	2	0	1	951	1472348	1471398	0.0	1746
BP0023	NZ_CP012088.1	99.79	951	2	0	1	951	1530218	1531168	0.0	1746
BP0023	NZ_CP012088.1	99.79	951	2	0	1	951	1550805	1551755	0.0	1746
BP0023	NZ_CP012088.1	99.79	951	2	0	1	951	1572109	1573059	0.0	1746
BP0023	NZ_CP012088.1	99.79	951	2	0	1	951	1618232	1619182	0.0	1746
BP0023	NZ_CP012088.1	99.79	951	2	0	1	951	1622510	1621560	0.0	1746
BP0023	NZ_CP012088.1	99.79	951	2	0	1	951	1681119	1682069	0.0	1746
BP0023	NZ_CP012088.1	99.79	951	2	0	1	951	1703854	1702904	0.0	1746
BP0023	NZ_CP012088.1	99.79	951	2	0	1	951	1725401	1724451	0.0	1746
BP0023	NZ_CP012088.1	99.79	951	2	0	1	951	1817446	1818396	0.0	1746
BP0023	NZ_CP012088.1	99.79	951	2	0	1	951	1870776	1869826	0.0	1746
BP0023	NZ_CP012088.1	99.79	951	2	0	1	951	1871825	1870875	0.0	1746
BP0023	NZ_CP012088.1	99.79	951	2	0	1	951	1902050	1901100	0.0	1746
BP0023	NZ_CP012088.1	99.79	951	2	0	1	951	1903099	1902149	0.0	1746
BP0023	NZ_CP012088.1	99.79	951	2	0	1	951	1962749	1963699	0.0	1746
BP0023	NZ_CP012088.1	99.79	951	2	0	1	951	1976146	1975196	0.0	1746
BP0023	NZ_CP012088.1	99.79	951	2	0	1	951	1977318	1976368	0.0	1746
BP0023	NZ_CP012088.1	99.79	951	2	0	1	951	2031841	2030891	0.0	1746
BP0023	NZ_CP012088.1	99.79	951	2	0	1	951	2063781	2064731	0.0	1746
BP0023	NZ_CP012088.1	99.79	951	2	0	1	951	2182357	2181407	0.0	1746
BP0023	NZ_CP012088.1	99.79	951	2	0	1	951	2219697	2218747	0.0	1746
BP0023	NZ_CP012088.1	99.79	951	2	0	1	951	2227422	2228372	0.0	1746
BP0023	NZ_CP012088.1	99.79	951	2	0	1	951	2275640	2274690	0.0	1746
BP0023	NZ_CP012088.1	99.79	951	2	0	1	951	2302505	2301555	0.0	1746
BP0023	NZ_CP012088.1	99.79	951	2	0	1	951	2329064	2330014	0.0	1746
BP0023	NZ_CP012088.1	99.79	951	2	0	1	951	2509668	2508718	0.0	1746
BP0023	NZ_CP012088.1	99.79	951	2	0	1	951	2609964	2610914	0.0	1746
BP0023	NZ_CP012088.1	99.79	951	2	0	1	951	2641975	2641025	0.0	1746
BP0023	NZ_CP012088.1	99.79	951	2	0	1	951	2705503	2706453	0.0	1746
BP0023	NZ_CP012088.1	99.79	951	2	0	1	951	2706552	2707502	0.0	1746
BP0023	NZ_CP012088.1	99.79	951	2	0	1	951	2807580	2806630	0.0	1746
BP0023	NZ_CP012088.1	99.79	951	2	0	1	951	2813915	2812965	0.0	1746
BP0023	NZ_CP012088.1	99.79	951	2	0	1	951	2859147	2860097	0.0	1746
BP0023	NZ_CP012088.1	99.79	951	2	0	1	951	2860196	2861146	0.0	1746
BP0023	NZ_CP012088.1	99.79	951	2	0	1	951	2870122	2869172	0.0	1746
BP0023	NZ_CP012088.1	99.79	951	2	0	1	951	2925957	2925007	0.0	1746
BP0023	NZ_CP012088.1	99.79	951	2	0	1	951	2992618	2991668	0.0	1746
BP0023	NZ_CP012088.1	99.79	951	2	0	1	951	3000034	2999084	0.0	1746
BP0023	NZ_CP012088.1	99.79	951	2	0	1	951	3030671	3031621	0.0	1746
BP0023	NZ_CP012088.1	99.79	951	2	0	1	951	3122618	3123568	0.0	1746
BP0023	NZ_CP012088.1	99.79	951	2	0	1	951	3130899	3131849	0.0	1746
BP0023	NZ_CP012088.1	99.79	951	2	0	1	951	3150480	3151430	0.0	1746
BP0023	NZ_CP012088.1	99.79	951	2	0	1	951	3185502	3186452	0.0	1746
BP0023	NZ_CP012088.1	99.79	951	2	0	1	951	3234597	3235547	0.0	1746
BP0023	NZ_CP012088.1	99.79	951	2	0	1	951	3236996	3237946	0.0	1746
BP0023	NZ_CP012088.1	99.79	951	2	0	1	951	3244433	3243483	0.0	1746
BP0023	NZ_CP012088.1	99.79	951	2	0	1	951	3245482	3244532	0.0	1746
BP0023	NZ_CP012088.1	99.79	951	2	0	1	951	3268484	3269434	0.0	1746
BP0023	NZ_CP012088.1	99.79	951	2	0	1	951	3281264	3282214	0.0	1746
BP0023	NZ_CP012088.1	99.79	951	2	0	1	951	3300334	3301284	0.0	1746
BP0023	NZ_CP012088.1	99.79	951	2	0	1	951	3381030	3381980	0.0	1746
BP0023	NZ_CP012088.1	99.79	951	2	0	1	951	3401842	3400892	0.0	1746
BP0023	NZ_CP012088.1	99.79	951	2	0	1	951	3424826	3425776	0.0	1746
BP0023	NZ_CP012088.1	99.79	951	2	0	1	951	3434770	3433820	0.0	1746
BP0023	NZ_CP012088.1	99.79	951	2	0	1	951	3492885	3491935	0.0	1746
BP0023	NZ_CP012088.1	99.79	951	2	0	1	951	3515162	3516112	0.0	1746
BP0023	NZ_CP012088.1	99.79	951	2	0	1	951	3533231	3534181	0.0	1746
BP0023	NZ_CP012088.1	99.79	951	2	0	1	951	3558895	3557945	0.0	1746
BP0023	NZ_CP012088.1	99.79	951	2	0	1	951	3625210	3624260	0.0	1746
BP0023	NZ_CP012088.1	99.79	951	2	0	1	951	3719596	3720546	0.0	1746
BP0023	NZ_CP012088.1	99.79	951	2	0	1	951	3730880	3729930	0.0	1746
BP0023	NZ_CP012088.1	99.79	951	2	0	1	951	3733343	3734293	0.0	1746
BP0023	NZ_CP012088.1	99.79	951	2	0	1	951	3769394	3770344	0.0	1746
BP0023	NZ_CP012088.1	99.79	951	2	0	1	951	3825860	3826810	0.0	1746
BP0023	NZ_CP012088.1	99.79	951	2	0	1	951	3926273	3925323	0.0	1746
BP0023	NZ_CP012088.1	99.79	951	2	0	1	951	4081980	4081030	0.0	1746
BP0023	NZ_CP012088.1	99.79	950	2	0	1	950	2966054	2967003	0.0	1744
BP0023	NZ_CP012088.1	99.79	950	2	0	1	950	2979016	2979965	0.0	1744
BP0023	NZ_CP012088.1	99.79	950	2	0	1	950	3025233	3024284	0.0	1744
BP0023	NZ_CP012088.1	99.79	950	2	0	1	950	3480261	3481210	0.0	1744
BP0023	NZ_CP012088.1	99.79	950	2	0	1	950	3546286	3547235	0.0	1744
BP0023	NZ_CP012088.1	99.79	950	2	0	1	950	3917732	3916783	0.0	1744
BP0023	NZ_CP012088.1	99.89	946	1	0	1	946	401156	402101	0.0	1742
BP0023	NZ_CP012088.1	99.89	946	1	0	1	946	3706407	3707352	0.0	1742
BP0023	NZ_CP012088.1	99.68	951	3	0	1	951	34626	35576	0.0	1740
BP0023	NZ_CP012088.1	99.68	951	3	0	1	951	43664	44614	0.0	1740
BP0023	NZ_CP012088.1	99.68	951	3	0	1	951	205634	206584	0.0	1740
BP0023	NZ_CP012088.1	99.68	951	3	0	1	951	236269	235319	0.0	1740
BP0023	NZ_CP012088.1	99.68	951	3	0	1	951	552561	553511	0.0	1740
BP0023	NZ_CP012088.1	99.68	951	3	0	1	951	563837	562887	0.0	1740
BP0023	NZ_CP012088.1	99.68	951	3	0	1	951	814714	813764	0.0	1740
BP0023	NZ_CP012088.1	99.68	951	3	0	1	951	820301	819351	0.0	1740
BP0023	NZ_CP012088.1	99.68	951	3	0	1	951	956589	957539	0.0	1740
BP0023	NZ_CP012088.1	99.68	951	3	0	1	951	1025326	1024376	0.0	1740
BP0023	NZ_CP012088.1	99.68	951	3	0	1	951	1096939	1095989	0.0	1740
BP0023	NZ_CP012088.1	99.68	951	3	0	1	951	1219747	1218797	0.0	1740
BP0023	NZ_CP012088.1	99.68	951	3	0	1	951	1270676	1271626	0.0	1740
BP0023	NZ_CP012088.1	99.68	951	3	0	1	951	1292712	1293662	0.0	1740
BP0023	NZ_CP012088.1	99.68	951	3	0	1	951	1419070	1418120	0.0	1740
BP0023	NZ_CP012088.1	99.68	951	3	0	1	951	1627291	1626341	0.0	1740
BP0023	NZ_CP012088.1	99.68	951	3	0	1	951	1665004	1664054	0.0	1740
BP0023	NZ_CP012088.1	99.68	951	3	0	1	951	1672872	1673822	0.0	1740
BP0023	NZ_CP012088.1	99.68	951	3	0	1	951	1695481	1696431	0.0	1740
BP0023	NZ_CP012088.1	99.68	951	3	0	1	951	1832540	1831590	0.0	1740
BP0023	NZ_CP012088.1	99.68	951	3	0	1	951	1995158	1996108	0.0	1740
BP0023	NZ_CP012088.1	99.68	951	3	0	1	951	2038515	2037565	0.0	1740
BP0023	NZ_CP012088.1	99.68	951	3	0	1	951	2108112	2107162	0.0	1740
BP0023	NZ_CP012088.1	99.68	951	3	0	1	951	2267486	2268436	0.0	1740
BP0023	NZ_CP012088.1	99.68	951	3	0	1	951	2376134	2377084	0.0	1740
BP0023	NZ_CP012088.1	99.68	951	3	0	1	951	2410395	2409445	0.0	1740
BP0023	NZ_CP012088.1	99.68	951	3	0	1	951	2437694	2438644	0.0	1740
BP0023	NZ_CP012088.1	99.68	951	3	0	1	951	2520942	2521892	0.0	1740
BP0023	NZ_CP012088.1	99.68	951	3	0	1	951	2529385	2528435	0.0	1740
BP0023	NZ_CP012088.1	99.68	951	3	0	1	951	2637868	2636918	0.0	1740
BP0023	NZ_CP012088.1	99.68	951	3	0	1	951	2696864	2697814	0.0	1740
BP0023	NZ_CP012088.1	99.68	951	3	0	1	951	2763112	2762162	0.0	1740
BP0023	NZ_CP012088.1	99.68	951	3	0	1	951	2885549	2884599	0.0	1740
BP0023	NZ_CP012088.1	99.68	951	3	0	1	951	2949200	2948250	0.0	1740
BP0023	NZ_CP012088.1	99.68	951	3	0	1	951	2987185	2986235	0.0	1740
BP0023	NZ_CP012088.1	99.68	951	3	0	1	951	3319126	3318176	0.0	1740
BP0023	NZ_CP012088.1	99.68	951	3	0	1	951	3535571	3536521	0.0	1740
BP0023	NZ_CP012088.1	99.68	951	3	0	1	951	3843737	3842787	0.0	1740
BP0023	NZ_CP012088.1	99.68	951	2	1	1	951	1767520	1768469	0.0	1738
BP0023	NZ_CP012088.1	99.68	950	3	0	1	950	3756573	3757522	0.0	1738
BP0023	NZ_CP012088.1	99.79	946	2	0	1	946	3500223	3499278	0.0	1736
BP0023	NZ_CP012088.1	99.58	951	4	0	1	951	649543	648593	0.0	1735
BP0023	NZ_CP012088.1	99.58	951	4	0	1	951	666069	665119	0.0	1735
BP0023	NZ_CP012088.1	99.58	951	4	0	1	951	1328527	1329477	0.0	1735
BP0023	NZ_CP012088.1	99.58	951	4	0	1	951	1781582	1782532	0.0	1735
BP0023	NZ_CP012088.1	99.58	951	4	0	1	951	1922274	1923224	0.0	1735
BP0023	NZ_CP012088.1	99.58	951	4	0	1	951	2039564	2038614	0.0	1735
BP0023	NZ_CP012088.1	99.58	951	4	0	1	951	2532248	2533198	0.0	1735
BP0023	NZ_CP012088.1	99.58	951	4	0	1	951	2688322	2687372	0.0	1735
BP0023	NZ_CP012088.1	99.58	951	4	0	1	951	3417740	3416790	0.0	1735
BP0023	NZ_CP012088.1	99.47	951	5	0	1	951	4029499	4028549	0.0	1729
BP0023	NZ_CP012088.1	99.37	951	6	0	1	951	3010574	3009624	0.0	1724
BP0023	NZ_CP012088.1	99.89	935	1	0	1	935	1961710	1962644	0.0	1722
