BP2673	NZ_CP010250.1	100.00	951	0	0	1	951	234373	235323	0.0	1757
BP2673	NZ_CP010250.1	100.00	951	0	0	1	951	1248991	1249941	0.0	1757
BP2673	NZ_CP010250.1	100.00	951	0	0	1	951	4033463	4034413	0.0	1757
BP2673	NZ_CP010250.1	99.89	951	1	0	1	951	522061	521111	0.0	1751
BP2673	NZ_CP010250.1	99.78	919	2	0	33	951	3406336	3405418	0.0	1687
BP2673	NZ_CP010250.1	100.00	835	0	0	33	867	78682	79516	0.0	1543
BP1388	NZ_CP010250.1	100.00	1017	0	0	1	1017	610622	611638	0.0	1879
BP1388	NZ_CP010250.1	100.00	1017	0	0	1	1017	1760902	1759886	0.0	1879
BP1388	NZ_CP010250.1	100.00	1017	0	0	1	1017	2187251	2188267	0.0	1879
BP1388	NZ_CP010250.1	100.00	1017	0	0	1	1017	2613762	2612746	0.0	1879
BP1388	NZ_CP010250.1	100.00	1017	0	0	1	1017	2637873	2638889	0.0	1879
BP1388	NZ_CP010250.1	100.00	1017	0	0	1	1017	3053307	3054323	0.0	1879
BP1388	NZ_CP010250.1	99.90	1017	1	0	1	1017	1200580	1201596	0.0	1873
BP1388	NZ_CP010250.1	99.90	1017	1	0	1	1017	2984049	2985065	0.0	1873
BP1388	NZ_CP010250.1	99.90	1017	1	0	1	1017	3167054	3168070	0.0	1873
BP1388	NZ_CP010250.1	99.80	1017	2	0	1	1017	592877	591861	0.0	1868
BP1388	NZ_CP010250.1	99.80	1017	2	0	1	1017	1981926	1982942	0.0	1868
BP1388	NZ_CP010250.1	99.80	1017	2	0	1	1017	2975427	2974411	0.0	1868
BP1388	NZ_CP010250.1	99.80	1017	2	0	1	1017	3838762	3839778	0.0	1868
BP1388	NZ_CP010250.1	99.71	1017	3	0	1	1017	114944	115960	0.0	1862
BP1388	NZ_CP010250.1	99.71	1017	3	0	1	1017	626171	625155	0.0	1862
BP1388	NZ_CP010250.1	99.71	1017	3	0	1	1017	2993415	2994431	0.0	1862
BP0023	NZ_CP010250.1	100.00	951	0	0	1	951	28233	27283	0.0	1757
BP0023	NZ_CP010250.1	100.00	951	0	0	1	951	413338	412388	0.0	1757
BP0023	NZ_CP010250.1	100.00	951	0	0	1	951	430324	431274	0.0	1757
BP0023	NZ_CP010250.1	100.00	951	0	0	1	951	1468829	1467879	0.0	1757
BP0023	NZ_CP010250.1	100.00	951	0	0	1	951	1967769	1968719	0.0	1757
BP0023	NZ_CP010250.1	100.00	951	0	0	1	951	3626704	3625754	0.0	1757
BP0023	NZ_CP010250.1	99.89	951	1	0	1	951	78584	77634	0.0	1751
BP0023	NZ_CP010250.1	99.89	951	1	0	1	951	108377	107427	0.0	1751
BP0023	NZ_CP010250.1	99.89	951	1	0	1	951	122072	121122	0.0	1751
BP0023	NZ_CP010250.1	99.89	951	1	0	1	951	136107	135157	0.0	1751
BP0023	NZ_CP010250.1	99.89	951	1	0	1	951	233336	234286	0.0	1751
BP0023	NZ_CP010250.1	99.89	951	1	0	1	951	278091	277141	0.0	1751
BP0023	NZ_CP010250.1	99.89	951	1	0	1	951	355870	354920	0.0	1751
BP0023	NZ_CP010250.1	99.89	951	1	0	1	951	391809	390859	0.0	1751
BP0023	NZ_CP010250.1	99.89	951	1	0	1	951	431373	432323	0.0	1751
BP0023	NZ_CP010250.1	99.89	951	1	0	1	951	469552	470502	0.0	1751
BP0023	NZ_CP010250.1	99.89	951	1	0	1	951	470601	471551	0.0	1751
BP0023	NZ_CP010250.1	99.89	951	1	0	1	951	484299	483349	0.0	1751
BP0023	NZ_CP010250.1	99.89	951	1	0	1	951	563698	564648	0.0	1751
BP0023	NZ_CP010250.1	99.89	951	1	0	1	951	578079	579029	0.0	1751
BP0023	NZ_CP010250.1	99.89	951	1	0	1	951	742736	741786	0.0	1751
BP0023	NZ_CP010250.1	99.89	951	1	0	1	951	763493	764443	0.0	1751
BP0023	NZ_CP010250.1	99.89	951	1	0	1	951	819589	818639	0.0	1751
BP0023	NZ_CP010250.1	99.89	951	1	0	1	951	924636	923686	0.0	1751
BP0023	NZ_CP010250.1	99.89	951	1	0	1	951	963941	964891	0.0	1751
BP0023	NZ_CP010250.1	99.89	951	1	0	1	951	1007154	1006204	0.0	1751
BP0023	NZ_CP010250.1	99.89	951	1	0	1	951	1060953	1060003	0.0	1751
BP0023	NZ_CP010250.1	99.89	951	1	0	1	951	1087344	1088294	0.0	1751
BP0023	NZ_CP010250.1	99.89	951	1	0	1	951	1099290	1100240	0.0	1751
BP0023	NZ_CP010250.1	99.89	951	1	0	1	951	1136079	1135129	0.0	1751
BP0023	NZ_CP010250.1	99.89	951	1	0	1	951	1145726	1146676	0.0	1751
BP0023	NZ_CP010250.1	99.89	951	1	0	1	951	1217792	1218742	0.0	1751
BP0023	NZ_CP010250.1	99.89	951	1	0	1	951	1469878	1468928	0.0	1751
BP0023	NZ_CP010250.1	99.89	951	1	0	1	951	1582941	1581991	0.0	1751
BP0023	NZ_CP010250.1	99.89	951	1	0	1	951	1706196	1705246	0.0	1751
BP0023	NZ_CP010250.1	99.89	951	1	0	1	951	1776873	1777823	0.0	1751
BP0023	NZ_CP010250.1	99.89	951	1	0	1	951	1777922	1778872	0.0	1751
BP0023	NZ_CP010250.1	99.89	951	1	0	1	951	1802687	1803637	0.0	1751
BP0023	NZ_CP010250.1	99.89	951	1	0	1	951	1856972	1857922	0.0	1751
BP0023	NZ_CP010250.1	99.89	951	1	0	1	951	1936552	1937502	0.0	1751
BP0023	NZ_CP010250.1	99.89	951	1	0	1	951	1943473	1944423	0.0	1751
BP0023	NZ_CP010250.1	99.89	951	1	0	1	951	1944522	1945472	0.0	1751
BP0023	NZ_CP010250.1	99.89	951	1	0	1	951	1967116	1966166	0.0	1751
BP0023	NZ_CP010250.1	99.89	951	1	0	1	951	1985007	1985957	0.0	1751
BP0023	NZ_CP010250.1	99.89	951	1	0	1	951	2095490	2096440	0.0	1751
BP0023	NZ_CP010250.1	99.89	951	1	0	1	951	2330391	2331341	0.0	1751
BP0023	NZ_CP010250.1	99.89	951	1	0	1	951	2391371	2392321	0.0	1751
BP0023	NZ_CP010250.1	99.89	951	1	0	1	951	2438468	2439418	0.0	1751
BP0023	NZ_CP010250.1	99.89	951	1	0	1	951	2458748	2457798	0.0	1751
BP0023	NZ_CP010250.1	99.89	951	1	0	1	951	2487744	2486794	0.0	1751
BP0023	NZ_CP010250.1	99.89	951	1	0	1	951	2552513	2553463	0.0	1751
BP0023	NZ_CP010250.1	99.89	951	1	0	1	951	2553562	2554512	0.0	1751
BP0023	NZ_CP010250.1	99.89	951	1	0	1	951	2607049	2607999	0.0	1751
BP0023	NZ_CP010250.1	99.89	951	1	0	1	951	2701664	2702614	0.0	1751
BP0023	NZ_CP010250.1	99.89	951	1	0	1	951	2817718	2816768	0.0	1751
BP0023	NZ_CP010250.1	99.89	951	1	0	1	951	2877661	2878611	0.0	1751
BP0023	NZ_CP010250.1	99.89	951	1	0	1	951	2937050	2938000	0.0	1751
BP0023	NZ_CP010250.1	99.89	951	1	0	1	951	3007600	3006650	0.0	1751
BP0023	NZ_CP010250.1	99.89	951	1	0	1	951	3055615	3056565	0.0	1751
BP0023	NZ_CP010250.1	99.89	951	1	0	1	951	3076916	3075966	0.0	1751
BP0023	NZ_CP010250.1	99.89	951	1	0	1	951	3101045	3100095	0.0	1751
BP0023	NZ_CP010250.1	99.89	951	1	0	1	951	3295679	3296629	0.0	1751
BP0023	NZ_CP010250.1	99.89	951	1	0	1	951	3318027	3318977	0.0	1751
BP0023	NZ_CP010250.1	99.89	951	1	0	1	951	3319076	3320026	0.0	1751
BP0023	NZ_CP010250.1	99.89	951	1	0	1	951	3373803	3372853	0.0	1751
BP0023	NZ_CP010250.1	99.89	951	1	0	1	951	3388859	3389809	0.0	1751
BP0023	NZ_CP010250.1	99.89	951	1	0	1	951	3580905	3581855	0.0	1751
BP0023	NZ_CP010250.1	99.89	951	1	0	1	951	3607612	3608562	0.0	1751
BP0023	NZ_CP010250.1	99.89	951	1	0	1	951	3608661	3609611	0.0	1751
BP0023	NZ_CP010250.1	99.89	951	1	0	1	951	3661908	3662858	0.0	1751
BP0023	NZ_CP010250.1	99.89	951	1	0	1	951	3754909	3755859	0.0	1751
BP0023	NZ_CP010250.1	99.89	951	1	0	1	951	3786645	3787595	0.0	1751
BP0023	NZ_CP010250.1	99.89	951	1	0	1	951	3790631	3789681	0.0	1751
BP0023	NZ_CP010250.1	99.89	951	1	0	1	951	3954777	3955727	0.0	1751
BP0023	NZ_CP010250.1	99.89	951	1	0	1	951	4034512	4035462	0.0	1751
BP0023	NZ_CP010250.1	99.89	951	1	0	1	951	4035561	4036511	0.0	1751
BP0023	NZ_CP010250.1	99.89	950	1	0	1	950	421150	422099	0.0	1749
BP0023	NZ_CP010250.1	99.89	950	1	0	1	950	750963	751912	0.0	1749
BP0023	NZ_CP010250.1	99.89	950	1	0	1	950	1521421	1520472	0.0	1749
BP0023	NZ_CP010250.1	99.89	950	1	0	1	950	2156207	2155258	0.0	1749
BP0023	NZ_CP010250.1	99.89	950	1	0	1	950	2901698	2900749	0.0	1749
BP0023	NZ_CP010250.1	99.89	950	1	0	1	950	3015811	3016760	0.0	1749
BP0023	NZ_CP010250.1	99.89	950	1	0	1	950	3276366	3275417	0.0	1749
BP0023	NZ_CP010250.1	99.89	950	1	0	1	950	3377639	3376690	0.0	1749
BP0023	NZ_CP010250.1	99.79	951	2	0	1	951	50141	51091	0.0	1746
BP0023	NZ_CP010250.1	99.79	951	2	0	1	951	58447	57497	0.0	1746
BP0023	NZ_CP010250.1	99.79	951	2	0	1	951	165843	164893	0.0	1746
BP0023	NZ_CP010250.1	99.79	951	2	0	1	951	174301	175251	0.0	1746
BP0023	NZ_CP010250.1	99.79	951	2	0	1	951	194405	195355	0.0	1746
BP0023	NZ_CP010250.1	99.79	952	1	1	1	951	265573	266524	0.0	1746
BP0023	NZ_CP010250.1	99.79	951	2	0	1	951	286925	285975	0.0	1746
BP0023	NZ_CP010250.1	99.79	951	2	0	1	951	301504	300554	0.0	1746
BP0023	NZ_CP010250.1	99.79	951	2	0	1	951	302072	303022	0.0	1746
BP0023	NZ_CP010250.1	99.79	951	2	0	1	951	330386	331336	0.0	1746
BP0023	NZ_CP010250.1	99.79	951	2	0	1	951	366256	365306	0.0	1746
BP0023	NZ_CP010250.1	99.79	951	2	0	1	951	497688	498638	0.0	1746
BP0023	NZ_CP010250.1	99.79	951	2	0	1	951	523352	522402	0.0	1746
BP0023	NZ_CP010250.1	99.79	951	2	0	1	951	541421	540471	0.0	1746
BP0023	NZ_CP010250.1	99.79	951	2	0	1	951	621815	622765	0.0	1746
BP0023	NZ_CP010250.1	99.79	951	2	0	1	951	631759	630809	0.0	1746
BP0023	NZ_CP010250.1	99.79	951	2	0	1	951	654743	655693	0.0	1746
BP0023	NZ_CP010250.1	99.79	951	2	0	1	951	675555	674605	0.0	1746
BP0023	NZ_CP010250.1	99.79	951	2	0	1	951	737459	738409	0.0	1746
BP0023	NZ_CP010250.1	99.79	951	2	0	1	951	756251	755301	0.0	1746
BP0023	NZ_CP010250.1	99.79	951	2	0	1	951	775321	774371	0.0	1746
BP0023	NZ_CP010250.1	99.79	951	2	0	1	951	788101	787151	0.0	1746
BP0023	NZ_CP010250.1	99.79	951	2	0	1	951	811103	812053	0.0	1746
BP0023	NZ_CP010250.1	99.79	951	2	0	1	951	812152	813102	0.0	1746
BP0023	NZ_CP010250.1	99.79	951	2	0	1	951	821988	821038	0.0	1746
BP0023	NZ_CP010250.1	99.79	951	2	0	1	951	871082	870132	0.0	1746
BP0023	NZ_CP010250.1	99.79	951	2	0	1	951	905055	904105	0.0	1746
BP0023	NZ_CP010250.1	99.79	951	2	0	1	951	932917	931967	0.0	1746
BP0023	NZ_CP010250.1	99.79	951	2	0	1	951	1024864	1023914	0.0	1746
BP0023	NZ_CP010250.1	99.79	951	2	0	1	951	1055501	1056451	0.0	1746
BP0023	NZ_CP010250.1	99.79	951	2	0	1	951	1062917	1063867	0.0	1746
BP0023	NZ_CP010250.1	99.79	951	2	0	1	951	1083228	1082278	0.0	1746
BP0023	NZ_CP010250.1	99.79	951	2	0	1	951	1130626	1131576	0.0	1746
BP0023	NZ_CP010250.1	99.79	951	2	0	1	951	1186461	1187411	0.0	1746
BP0023	NZ_CP010250.1	99.79	951	2	0	1	951	1196387	1195437	0.0	1746
BP0023	NZ_CP010250.1	99.79	951	2	0	1	951	1197436	1196486	0.0	1746
BP0023	NZ_CP010250.1	99.79	951	2	0	1	951	1242668	1243618	0.0	1746
BP0023	NZ_CP010250.1	99.79	951	2	0	1	951	1267341	1266391	0.0	1746
BP0023	NZ_CP010250.1	99.79	951	2	0	1	951	1350737	1351687	0.0	1746
BP0023	NZ_CP010250.1	99.79	951	2	0	1	951	1356018	1355068	0.0	1746
BP0023	NZ_CP010250.1	99.79	951	2	0	1	951	1358077	1359027	0.0	1746
BP0023	NZ_CP010250.1	99.79	951	2	0	1	951	1368633	1369583	0.0	1746
BP0023	NZ_CP010250.1	99.79	951	2	0	1	951	1414522	1415472	0.0	1746
BP0023	NZ_CP010250.1	99.79	951	2	0	1	951	1455701	1456651	0.0	1746
BP0023	NZ_CP010250.1	99.79	951	2	0	1	951	1495678	1496628	0.0	1746
BP0023	NZ_CP010250.1	99.79	951	2	0	1	951	1596498	1595548	0.0	1746
BP0023	NZ_CP010250.1	99.79	951	2	0	1	951	1643569	1642619	0.0	1746
BP0023	NZ_CP010250.1	99.79	951	2	0	1	951	1670128	1671078	0.0	1746
BP0023	NZ_CP010250.1	99.79	951	2	0	1	951	1696993	1697943	0.0	1746
BP0023	NZ_CP010250.1	99.79	951	2	0	1	951	1705147	1704197	0.0	1746
BP0023	NZ_CP010250.1	99.79	951	2	0	1	951	1746260	1745310	0.0	1746
BP0023	NZ_CP010250.1	99.79	951	2	0	1	951	1753985	1754935	0.0	1746
BP0023	NZ_CP010250.1	99.79	951	2	0	1	951	1792374	1793324	0.0	1746
BP0023	NZ_CP010250.1	99.79	951	2	0	1	951	1840743	1841693	0.0	1746
BP0023	NZ_CP010250.1	99.79	951	2	0	1	951	1894073	1893123	0.0	1746
BP0023	NZ_CP010250.1	99.79	951	2	0	1	951	1895122	1894172	0.0	1746
BP0023	NZ_CP010250.1	99.79	951	2	0	1	951	1925347	1924397	0.0	1746
BP0023	NZ_CP010250.1	99.79	951	2	0	1	951	2040657	2041607	0.0	1746
BP0023	NZ_CP010250.1	99.79	951	2	0	1	951	2054054	2053104	0.0	1746
BP0023	NZ_CP010250.1	99.79	951	2	0	1	951	2085994	2086944	0.0	1746
BP0023	NZ_CP010250.1	99.79	951	2	0	1	951	2248252	2249202	0.0	1746
BP0023	NZ_CP010250.1	99.79	951	2	0	1	951	2269799	2270749	0.0	1746
BP0023	NZ_CP010250.1	99.79	951	2	0	1	951	2292534	2291584	0.0	1746
BP0023	NZ_CP010250.1	99.79	951	2	0	1	951	2351143	2352093	0.0	1746
BP0023	NZ_CP010250.1	99.79	951	2	0	1	951	2355421	2354471	0.0	1746
BP0023	NZ_CP010250.1	99.79	951	2	0	1	951	2401544	2400594	0.0	1746
BP0023	NZ_CP010250.1	99.79	951	2	0	1	951	2422848	2421898	0.0	1746
BP0023	NZ_CP010250.1	99.79	951	2	0	1	951	2443436	2442486	0.0	1746
BP0023	NZ_CP010250.1	99.79	951	2	0	1	951	2444485	2443535	0.0	1746
BP0023	NZ_CP010250.1	99.79	951	2	0	1	951	2502355	2503305	0.0	1746
BP0023	NZ_CP010250.1	99.79	951	2	0	1	951	2505381	2504431	0.0	1746
BP0023	NZ_CP010250.1	99.79	951	2	0	1	951	2540190	2539240	0.0	1746
BP0023	NZ_CP010250.1	99.79	951	2	0	1	951	2641537	2642487	0.0	1746
BP0023	NZ_CP010250.1	99.79	951	2	0	1	951	2673548	2672598	0.0	1746
BP0023	NZ_CP010250.1	99.79	951	2	0	1	951	2736027	2736977	0.0	1746
BP0023	NZ_CP010250.1	99.79	951	2	0	1	951	2838113	2837163	0.0	1746
BP0023	NZ_CP010250.1	99.79	951	2	0	1	951	2857951	2857001	0.0	1746
BP0023	NZ_CP010250.1	99.79	951	2	0	1	951	2896400	2897350	0.0	1746
BP0023	NZ_CP010250.1	99.79	951	2	0	1	951	2929367	2928417	0.0	1746
BP0023	NZ_CP010250.1	99.79	951	2	0	1	951	2942733	2941783	0.0	1746
BP0023	NZ_CP010250.1	99.79	951	2	0	1	951	3115503	3114553	0.0	1746
BP0023	NZ_CP010250.1	99.79	951	2	0	1	951	3119207	3118257	0.0	1746
BP0023	NZ_CP010250.1	99.79	951	2	0	1	951	3140905	3139955	0.0	1746
BP0023	NZ_CP010250.1	99.79	951	2	0	1	951	3151468	3150518	0.0	1746
BP0023	NZ_CP010250.1	99.79	951	2	0	1	951	3191094	3192044	0.0	1746
BP0023	NZ_CP010250.1	99.79	951	2	0	1	951	3199781	3198831	0.0	1746
BP0023	NZ_CP010250.1	99.79	951	2	0	1	951	3238116	3239066	0.0	1746
BP0023	NZ_CP010250.1	99.79	951	2	0	1	951	3291610	3290660	0.0	1746
BP0023	NZ_CP010250.1	99.79	951	2	0	1	951	3294630	3295580	0.0	1746
BP0023	NZ_CP010250.1	99.79	951	2	0	1	951	3302580	3301630	0.0	1746
BP0023	NZ_CP010250.1	99.79	951	2	0	1	951	3305789	3306739	0.0	1746
BP0023	NZ_CP010250.1	99.79	951	2	0	1	951	3335664	3334714	0.0	1746
BP0023	NZ_CP010250.1	99.79	951	2	0	1	951	3365607	3366557	0.0	1746
BP0023	NZ_CP010250.1	99.79	951	2	0	1	951	3419287	3420237	0.0	1746
BP0023	NZ_CP010250.1	99.79	951	2	0	1	951	3436226	3435276	0.0	1746
BP0023	NZ_CP010250.1	99.79	951	2	0	1	951	3466606	3465656	0.0	1746
BP0023	NZ_CP010250.1	99.79	951	2	0	1	951	3492139	3493089	0.0	1746
BP0023	NZ_CP010250.1	99.79	951	2	0	1	951	3533671	3534621	0.0	1746
BP0023	NZ_CP010250.1	99.79	951	2	0	1	951	3591123	3590173	0.0	1746
BP0023	NZ_CP010250.1	99.79	951	2	0	1	951	3720042	3720992	0.0	1746
BP0023	NZ_CP010250.1	99.79	951	2	0	1	951	3731326	3730376	0.0	1746
BP0023	NZ_CP010250.1	99.79	951	2	0	1	951	3733789	3734739	0.0	1746
BP0023	NZ_CP010250.1	99.79	951	2	0	1	951	3769840	3770790	0.0	1746
BP0023	NZ_CP010250.1	99.79	951	2	0	1	951	3826306	3827256	0.0	1746
BP0023	NZ_CP010250.1	99.79	951	2	0	1	951	3926719	3925769	0.0	1746
BP0023	NZ_CP010250.1	99.79	951	2	0	1	951	4082426	4081476	0.0	1746
BP0023	NZ_CP010250.1	99.79	950	2	0	1	950	510297	509348	0.0	1744
BP0023	NZ_CP010250.1	99.79	950	2	0	1	950	576322	575373	0.0	1744
BP0023	NZ_CP010250.1	99.79	950	2	0	1	950	1030302	1031251	0.0	1744
BP0023	NZ_CP010250.1	99.79	950	2	0	1	950	1076519	1075570	0.0	1744
BP0023	NZ_CP010250.1	99.79	950	2	0	1	950	1090530	1089581	0.0	1744
BP0023	NZ_CP010250.1	99.79	950	2	0	1	950	3918178	3917229	0.0	1744
BP0023	NZ_CP010250.1	99.89	946	1	0	1	946	401159	402104	0.0	1742
BP0023	NZ_CP010250.1	99.89	946	1	0	1	946	2506427	2505482	0.0	1742
BP0023	NZ_CP010250.1	99.89	946	1	0	1	946	3706853	3707798	0.0	1742
BP0023	NZ_CP010250.1	99.68	951	3	0	1	951	34626	35576	0.0	1740
BP0023	NZ_CP010250.1	99.68	951	3	0	1	951	43664	44614	0.0	1740
BP0023	NZ_CP010250.1	99.68	951	3	0	1	951	69085	70035	0.0	1740
BP0023	NZ_CP010250.1	99.68	951	3	0	1	951	205635	206585	0.0	1740
BP0023	NZ_CP010250.1	99.68	951	3	0	1	951	225403	224453	0.0	1740
BP0023	NZ_CP010250.1	99.68	951	3	0	1	951	236270	235320	0.0	1740
BP0023	NZ_CP010250.1	99.68	951	3	0	1	951	521012	520062	0.0	1740
BP0023	NZ_CP010250.1	99.68	951	3	0	1	951	1068350	1069300	0.0	1740
BP0023	NZ_CP010250.1	99.68	951	3	0	1	951	1107384	1108334	0.0	1740
BP0023	NZ_CP010250.1	99.68	951	3	0	1	951	1171034	1171984	0.0	1740
BP0023	NZ_CP010250.1	99.68	951	3	0	1	951	1250888	1249938	0.0	1740
BP0023	NZ_CP010250.1	99.68	951	3	0	1	951	1301817	1302767	0.0	1740
BP0023	NZ_CP010250.1	99.68	951	3	0	1	951	1323853	1324803	0.0	1740
BP0023	NZ_CP010250.1	99.68	951	3	0	1	951	1450211	1449261	0.0	1740
BP0023	NZ_CP010250.1	99.68	951	3	0	1	951	1533889	1532939	0.0	1740
BP0023	NZ_CP010250.1	99.68	951	3	0	1	951	1561188	1562138	0.0	1740
BP0023	NZ_CP010250.1	99.68	951	3	0	1	951	1855837	1854887	0.0	1740
BP0023	NZ_CP010250.1	99.68	951	3	0	1	951	2021645	2020695	0.0	1740
BP0023	NZ_CP010250.1	99.68	951	3	0	1	951	2039485	2040435	0.0	1740
BP0023	NZ_CP010250.1	99.68	951	3	0	1	951	2060728	2059778	0.0	1740
BP0023	NZ_CP010250.1	99.68	951	3	0	1	951	2130331	2129381	0.0	1740
BP0023	NZ_CP010250.1	99.68	951	3	0	1	951	2278172	2277222	0.0	1740
BP0023	NZ_CP010250.1	99.68	951	3	0	1	951	2300781	2299831	0.0	1740
BP0023	NZ_CP010250.1	99.68	951	3	0	1	951	2308649	2309599	0.0	1740
BP0023	NZ_CP010250.1	99.68	951	3	0	1	951	2346362	2347312	0.0	1740
BP0023	NZ_CP010250.1	99.68	951	3	0	1	951	2551464	2552414	0.0	1740
BP0023	NZ_CP010250.1	99.68	951	3	0	1	951	2560956	2560006	0.0	1740
BP0023	NZ_CP010250.1	99.68	951	3	0	1	951	2669441	2668491	0.0	1740
BP0023	NZ_CP010250.1	99.68	951	3	0	1	951	2727388	2728338	0.0	1740
BP0023	NZ_CP010250.1	99.68	951	3	0	1	951	2792596	2791646	0.0	1740
BP0023	NZ_CP010250.1	99.68	951	3	0	1	951	2837064	2836114	0.0	1740
BP0023	NZ_CP010250.1	99.68	951	3	0	1	951	2957988	2958938	0.0	1740
BP0023	NZ_CP010250.1	99.68	951	3	0	1	951	3028552	3029502	0.0	1740
BP0023	NZ_CP010250.1	99.68	951	3	0	1	951	3097289	3096339	0.0	1740
BP0023	NZ_CP010250.1	99.68	951	3	0	1	951	3232529	3233479	0.0	1740
BP0023	NZ_CP010250.1	99.68	951	3	0	1	951	3493188	3494138	0.0	1740
BP0023	NZ_CP010250.1	99.68	951	3	0	1	951	3504464	3503514	0.0	1740
BP0023	NZ_CP010250.1	99.68	951	3	0	1	951	3844183	3843233	0.0	1740
BP0023	NZ_CP010250.1	99.68	951	3	0	1	951	4069853	4070803	0.0	1740
BP0023	NZ_CP010250.1	99.68	951	2	1	1	951	2206133	2205184	0.0	1738
BP0023	NZ_CP010250.1	99.68	950	3	0	1	950	3757019	3757968	0.0	1738
BP0023	NZ_CP010250.1	99.79	946	2	0	1	946	556360	557305	0.0	1736
BP0023	NZ_CP010250.1	99.58	951	4	0	1	951	638845	639795	0.0	1735
BP0023	NZ_CP010250.1	99.58	951	4	0	1	951	1328915	1329865	0.0	1735
BP0023	NZ_CP010250.1	99.58	951	4	0	1	951	1359668	1360618	0.0	1735
BP0023	NZ_CP010250.1	99.58	951	4	0	1	951	1945571	1946521	0.0	1735
BP0023	NZ_CP010250.1	99.58	951	4	0	1	951	2061777	2060827	0.0	1735
BP0023	NZ_CP010250.1	99.58	951	4	0	1	951	2192071	2191121	0.0	1735
BP0023	NZ_CP010250.1	99.58	951	4	0	1	951	2563819	2564769	0.0	1735
BP0023	NZ_CP010250.1	99.58	951	4	0	1	951	2718846	2717896	0.0	1735
BP0023	NZ_CP010250.1	99.58	951	4	0	1	951	3389908	3390858	0.0	1735
BP0023	NZ_CP010250.1	99.58	951	4	0	1	951	3406434	3407384	0.0	1735
BP0023	NZ_CP010250.1	99.47	951	5	0	1	951	4029945	4028995	0.0	1729
BP0023	NZ_CP010250.1	99.37	951	6	0	1	951	1044961	1045911	0.0	1724
