BP2673	NZ_CP025352.1	100.00	951	0	0	1	951	234373	235323	0.0	1757
BP2673	NZ_CP025352.1	100.00	951	0	0	1	951	2806833	2805883	0.0	1757
BP2673	NZ_CP025352.1	100.00	951	0	0	1	951	4033310	4034260	0.0	1757
BP2673	NZ_CP025352.1	99.89	951	1	0	1	951	3533764	3534714	0.0	1751
BP2673	NZ_CP025352.1	99.78	919	2	0	33	951	649642	650560	0.0	1687
BP2673	NZ_CP025352.1	100.00	835	0	0	33	867	78682	79516	0.0	1543
BP1388	NZ_CP025352.1	100.00	1017	0	0	1	1017	999523	998507	0.0	1879
BP1388	NZ_CP025352.1	100.00	1017	0	0	1	1017	1440395	1441411	0.0	1879
BP1388	NZ_CP025352.1	100.00	1017	0	0	1	1017	1810857	1809841	0.0	1879
BP1388	NZ_CP025352.1	100.00	1017	0	0	1	1017	3445203	3444187	0.0	1879
BP1388	NZ_CP025352.1	99.90	1017	1	0	1	1017	885776	884760	0.0	1873
BP1388	NZ_CP025352.1	99.90	1017	1	0	1	1017	1060464	1059448	0.0	1873
BP1388	NZ_CP025352.1	99.90	1017	1	0	1	1017	1069830	1068814	0.0	1873
BP1388	NZ_CP025352.1	99.90	1017	1	0	1	1017	1416284	1415268	0.0	1873
BP1388	NZ_CP025352.1	99.90	1017	1	0	1	1017	2239331	2240347	0.0	1873
BP1388	NZ_CP025352.1	99.90	1017	1	0	1	1017	2855244	2854228	0.0	1873
BP1388	NZ_CP025352.1	99.80	1017	2	0	1	1017	2032929	2033945	0.0	1868
BP1388	NZ_CP025352.1	99.80	1017	2	0	1	1017	3462948	3463964	0.0	1868
BP1388	NZ_CP025352.1	99.80	1017	2	0	1	1017	3838608	3839624	0.0	1868
BP1388	NZ_CP025352.1	99.71	1017	3	0	1	1017	114944	115960	0.0	1862
BP1388	NZ_CP025352.1	99.71	1017	3	0	1	1017	1078452	1079468	0.0	1862
BP1388	NZ_CP025352.1	99.71	1017	3	0	1	1017	3429654	3430670	0.0	1862
BP0023	NZ_CP025352.1	100.00	951	0	0	1	951	413336	412386	0.0	1757
BP0023	NZ_CP025352.1	100.00	951	0	0	1	951	430322	431272	0.0	1757
BP0023	NZ_CP025352.1	100.00	951	0	0	1	951	1905877	1906827	0.0	1757
BP0023	NZ_CP025352.1	100.00	951	0	0	1	951	2018772	2019722	0.0	1757
BP0023	NZ_CP025352.1	100.00	951	0	0	1	951	2586995	2587945	0.0	1757
BP0023	NZ_CP025352.1	100.00	951	0	0	1	951	3705649	3706599	0.0	1757
BP0023	NZ_CP025352.1	100.00	950	0	0	1	950	1037019	1036070	0.0	1755
BP0023	NZ_CP025352.1	99.89	951	1	0	1	951	28233	27283	0.0	1751
BP0023	NZ_CP025352.1	99.89	951	1	0	1	951	78584	77634	0.0	1751
BP0023	NZ_CP025352.1	99.89	951	1	0	1	951	108377	107427	0.0	1751
BP0023	NZ_CP025352.1	99.89	951	1	0	1	951	122072	121122	0.0	1751
BP0023	NZ_CP025352.1	99.89	951	1	0	1	951	136107	135157	0.0	1751
BP0023	NZ_CP025352.1	99.89	951	1	0	1	951	194404	195354	0.0	1751
BP0023	NZ_CP025352.1	99.89	951	1	0	1	951	233336	234286	0.0	1751
BP0023	NZ_CP025352.1	99.89	951	1	0	1	951	265573	266523	0.0	1751
BP0023	NZ_CP025352.1	99.89	951	1	0	1	951	278090	277140	0.0	1751
BP0023	NZ_CP025352.1	99.89	951	1	0	1	951	391807	390857	0.0	1751
BP0023	NZ_CP025352.1	99.89	951	1	0	1	951	448365	447415	0.0	1751
BP0023	NZ_CP025352.1	99.89	951	1	0	1	951	475072	474122	0.0	1751
BP0023	NZ_CP025352.1	99.89	951	1	0	1	951	619752	620702	0.0	1751
BP0023	NZ_CP025352.1	99.89	951	1	0	1	951	681125	682075	0.0	1751
BP0023	NZ_CP025352.1	99.89	951	1	0	1	951	735852	734902	0.0	1751
BP0023	NZ_CP025352.1	99.89	951	1	0	1	951	758200	757250	0.0	1751
BP0023	NZ_CP025352.1	99.89	951	1	0	1	951	933623	934573	0.0	1751
BP0023	NZ_CP025352.1	99.89	951	1	0	1	951	951785	952735	0.0	1751
BP0023	NZ_CP025352.1	99.89	951	1	0	1	951	975914	976864	0.0	1751
BP0023	NZ_CP025352.1	99.89	951	1	0	1	951	997215	996265	0.0	1751
BP0023	NZ_CP025352.1	99.89	951	1	0	1	951	1045230	1046180	0.0	1751
BP0023	NZ_CP025352.1	99.89	951	1	0	1	951	1117110	1116160	0.0	1751
BP0023	NZ_CP025352.1	99.89	951	1	0	1	951	1176497	1175547	0.0	1751
BP0023	NZ_CP025352.1	99.89	951	1	0	1	951	1236439	1237389	0.0	1751
BP0023	NZ_CP025352.1	99.89	951	1	0	1	951	1352493	1351543	0.0	1751
BP0023	NZ_CP025352.1	99.89	951	1	0	1	951	1447108	1446158	0.0	1751
BP0023	NZ_CP025352.1	99.89	951	1	0	1	951	1500596	1499646	0.0	1751
BP0023	NZ_CP025352.1	99.89	951	1	0	1	951	1546682	1547632	0.0	1751
BP0023	NZ_CP025352.1	99.89	951	1	0	1	951	1796215	1795265	0.0	1751
BP0023	NZ_CP025352.1	99.89	951	1	0	1	951	1826827	1827777	0.0	1751
BP0023	NZ_CP025352.1	99.89	951	1	0	1	951	1851592	1852542	0.0	1751
BP0023	NZ_CP025352.1	99.89	951	1	0	1	951	1906926	1907876	0.0	1751
BP0023	NZ_CP025352.1	99.89	951	1	0	1	951	1924866	1923916	0.0	1751
BP0023	NZ_CP025352.1	99.89	951	1	0	1	951	1988604	1989554	0.0	1751
BP0023	NZ_CP025352.1	99.89	951	1	0	1	951	1995525	1996475	0.0	1751
BP0023	NZ_CP025352.1	99.89	951	1	0	1	951	2018119	2017169	0.0	1751
BP0023	NZ_CP025352.1	99.89	951	1	0	1	951	2147577	2148527	0.0	1751
BP0023	NZ_CP025352.1	99.89	951	1	0	1	951	2382470	2383420	0.0	1751
BP0023	NZ_CP025352.1	99.89	951	1	0	1	951	2443450	2444400	0.0	1751
BP0023	NZ_CP025352.1	99.89	951	1	0	1	951	2490546	2491496	0.0	1751
BP0023	NZ_CP025352.1	99.89	951	1	0	1	951	2509777	2508827	0.0	1751
BP0023	NZ_CP025352.1	99.89	951	1	0	1	951	2538773	2537823	0.0	1751
BP0023	NZ_CP025352.1	99.89	951	1	0	1	951	2561195	2560245	0.0	1751
BP0023	NZ_CP025352.1	99.89	951	1	0	1	951	2838032	2837082	0.0	1751
BP0023	NZ_CP025352.1	99.89	951	1	0	1	951	2910098	2909148	0.0	1751
BP0023	NZ_CP025352.1	99.89	951	1	0	1	951	2919745	2920695	0.0	1751
BP0023	NZ_CP025352.1	99.89	951	1	0	1	951	2956535	2955585	0.0	1751
BP0023	NZ_CP025352.1	99.89	951	1	0	1	951	2968481	2967531	0.0	1751
BP0023	NZ_CP025352.1	99.89	951	1	0	1	951	2993823	2994773	0.0	1751
BP0023	NZ_CP025352.1	99.89	951	1	0	1	951	3047622	3048572	0.0	1751
BP0023	NZ_CP025352.1	99.89	951	1	0	1	951	3090835	3089885	0.0	1751
BP0023	NZ_CP025352.1	99.89	951	1	0	1	951	3130140	3131090	0.0	1751
BP0023	NZ_CP025352.1	99.89	951	1	0	1	951	3236236	3237186	0.0	1751
BP0023	NZ_CP025352.1	99.89	951	1	0	1	951	3292332	3291382	0.0	1751
BP0023	NZ_CP025352.1	99.89	951	1	0	1	951	3313089	3314039	0.0	1751
BP0023	NZ_CP025352.1	99.89	951	1	0	1	951	3477746	3476796	0.0	1751
BP0023	NZ_CP025352.1	99.89	951	1	0	1	951	3492127	3491177	0.0	1751
BP0023	NZ_CP025352.1	99.89	951	1	0	1	951	3558137	3557187	0.0	1751
BP0023	NZ_CP025352.1	99.89	951	1	0	1	951	3572575	3573525	0.0	1751
BP0023	NZ_CP025352.1	99.89	951	1	0	1	951	3586273	3585323	0.0	1751
BP0023	NZ_CP025352.1	99.89	951	1	0	1	951	3587322	3586372	0.0	1751
BP0023	NZ_CP025352.1	99.89	951	1	0	1	951	3660704	3661654	0.0	1751
BP0023	NZ_CP025352.1	99.89	951	1	0	1	951	3754755	3755705	0.0	1751
BP0023	NZ_CP025352.1	99.89	951	1	0	1	951	3786491	3787441	0.0	1751
BP0023	NZ_CP025352.1	99.89	951	1	0	1	951	3790477	3789527	0.0	1751
BP0023	NZ_CP025352.1	99.89	951	1	0	1	951	3954623	3955573	0.0	1751
BP0023	NZ_CP025352.1	99.89	951	1	0	1	951	4034359	4035309	0.0	1751
BP0023	NZ_CP025352.1	99.89	951	1	0	1	951	4035408	4036358	0.0	1751
BP0023	NZ_CP025352.1	99.89	951	1	0	1	951	4069700	4070650	0.0	1751
BP0023	NZ_CP025352.1	99.89	950	1	0	1	950	421148	422097	0.0	1749
BP0023	NZ_CP025352.1	99.89	950	1	0	1	950	677289	678238	0.0	1749
BP0023	NZ_CP025352.1	99.89	950	1	0	1	950	776464	777413	0.0	1749
BP0023	NZ_CP025352.1	99.89	950	1	0	1	950	1152461	1153410	0.0	1749
BP0023	NZ_CP025352.1	99.89	950	1	0	1	950	1572425	1571476	0.0	1749
BP0023	NZ_CP025352.1	99.89	950	1	0	1	950	2208287	2207338	0.0	1749
BP0023	NZ_CP025352.1	99.79	951	2	0	1	951	50141	51091	0.0	1746
BP0023	NZ_CP025352.1	99.79	951	2	0	1	951	58447	57497	0.0	1746
BP0023	NZ_CP025352.1	99.79	951	2	0	1	951	174300	175250	0.0	1746
BP0023	NZ_CP025352.1	99.79	951	2	0	1	951	225402	224452	0.0	1746
BP0023	NZ_CP025352.1	99.79	951	2	0	1	951	286923	285973	0.0	1746
BP0023	NZ_CP025352.1	99.79	951	2	0	1	951	301502	300552	0.0	1746
BP0023	NZ_CP025352.1	99.79	951	2	0	1	951	302070	303020	0.0	1746
BP0023	NZ_CP025352.1	99.79	951	2	0	1	951	330384	331334	0.0	1746
BP0023	NZ_CP025352.1	99.79	951	2	0	1	951	355868	354918	0.0	1746
BP0023	NZ_CP025352.1	99.79	951	2	0	1	951	366254	365304	0.0	1746
BP0023	NZ_CP025352.1	99.79	951	2	0	1	951	464854	465804	0.0	1746
BP0023	NZ_CP025352.1	99.79	951	2	0	1	951	522306	521356	0.0	1746
BP0023	NZ_CP025352.1	99.79	951	2	0	1	951	563838	562888	0.0	1746
BP0023	NZ_CP025352.1	99.79	951	2	0	1	951	589371	590321	0.0	1746
BP0023	NZ_CP025352.1	99.79	951	2	0	1	951	636691	635741	0.0	1746
BP0023	NZ_CP025352.1	99.79	951	2	0	1	951	689321	688371	0.0	1746
BP0023	NZ_CP025352.1	99.79	951	2	0	1	951	719264	720214	0.0	1746
BP0023	NZ_CP025352.1	99.79	951	2	0	1	951	748090	747140	0.0	1746
BP0023	NZ_CP025352.1	99.79	951	2	0	1	951	751299	752249	0.0	1746
BP0023	NZ_CP025352.1	99.79	951	2	0	1	951	761220	762170	0.0	1746
BP0023	NZ_CP025352.1	99.79	951	2	0	1	951	853049	853999	0.0	1746
BP0023	NZ_CP025352.1	99.79	951	2	0	1	951	901362	902312	0.0	1746
BP0023	NZ_CP025352.1	99.79	951	2	0	1	951	911925	912875	0.0	1746
BP0023	NZ_CP025352.1	99.79	951	2	0	1	951	937327	938277	0.0	1746
BP0023	NZ_CP025352.1	99.79	951	2	0	1	951	1046279	1047229	0.0	1746
BP0023	NZ_CP025352.1	99.79	951	2	0	1	951	1111427	1112377	0.0	1746
BP0023	NZ_CP025352.1	99.79	951	2	0	1	951	1157759	1156809	0.0	1746
BP0023	NZ_CP025352.1	99.79	951	2	0	1	951	1196207	1197157	0.0	1746
BP0023	NZ_CP025352.1	99.79	951	2	0	1	951	1216045	1216995	0.0	1746
BP0023	NZ_CP025352.1	99.79	951	2	0	1	951	1318130	1317180	0.0	1746
BP0023	NZ_CP025352.1	99.79	951	2	0	1	951	1380609	1381559	0.0	1746
BP0023	NZ_CP025352.1	99.79	951	2	0	1	951	1412620	1411670	0.0	1746
BP0023	NZ_CP025352.1	99.79	951	2	0	1	951	1512919	1513869	0.0	1746
BP0023	NZ_CP025352.1	99.79	951	2	0	1	951	1693524	1692574	0.0	1746
BP0023	NZ_CP025352.1	99.79	951	2	0	1	951	1720083	1721033	0.0	1746
BP0023	NZ_CP025352.1	99.79	951	2	0	1	951	1746948	1747898	0.0	1746
BP0023	NZ_CP025352.1	99.79	951	2	0	1	951	1795166	1794216	0.0	1746
BP0023	NZ_CP025352.1	99.79	951	2	0	1	951	1803940	1804890	0.0	1746
BP0023	NZ_CP025352.1	99.79	951	2	0	1	951	1841279	1842229	0.0	1746
BP0023	NZ_CP025352.1	99.79	951	2	0	1	951	1889648	1890598	0.0	1746
BP0023	NZ_CP025352.1	99.79	951	2	0	1	951	1945076	1944126	0.0	1746
BP0023	NZ_CP025352.1	99.79	951	2	0	1	951	1946125	1945175	0.0	1746
BP0023	NZ_CP025352.1	99.79	951	2	0	1	951	1976350	1975400	0.0	1746
BP0023	NZ_CP025352.1	99.79	951	2	0	1	951	1977399	1976449	0.0	1746
BP0023	NZ_CP025352.1	99.79	951	2	0	1	951	2037049	2037999	0.0	1746
BP0023	NZ_CP025352.1	99.79	951	2	0	1	951	2050446	2049496	0.0	1746
BP0023	NZ_CP025352.1	99.79	951	2	0	1	951	2051618	2050668	0.0	1746
BP0023	NZ_CP025352.1	99.79	951	2	0	1	951	2106141	2105191	0.0	1746
BP0023	NZ_CP025352.1	99.79	951	2	0	1	951	2138081	2139031	0.0	1746
BP0023	NZ_CP025352.1	99.79	951	2	0	1	951	2300331	2301281	0.0	1746
BP0023	NZ_CP025352.1	99.79	951	2	0	1	951	2321878	2322828	0.0	1746
BP0023	NZ_CP025352.1	99.79	951	2	0	1	951	2344613	2343663	0.0	1746
BP0023	NZ_CP025352.1	99.79	951	2	0	1	951	2398441	2399391	0.0	1746
BP0023	NZ_CP025352.1	99.79	951	2	0	1	951	2403222	2404172	0.0	1746
BP0023	NZ_CP025352.1	99.79	951	2	0	1	951	2407500	2406550	0.0	1746
BP0023	NZ_CP025352.1	99.79	951	2	0	1	951	2453623	2452673	0.0	1746
BP0023	NZ_CP025352.1	99.79	951	2	0	1	951	2474927	2473977	0.0	1746
BP0023	NZ_CP025352.1	99.79	951	2	0	1	951	2495514	2494564	0.0	1746
BP0023	NZ_CP025352.1	99.79	951	2	0	1	951	2553384	2554334	0.0	1746
BP0023	NZ_CP025352.1	99.79	951	2	0	1	951	2556410	2555460	0.0	1746
BP0023	NZ_CP025352.1	99.79	951	2	0	1	951	2600123	2599173	0.0	1746
BP0023	NZ_CP025352.1	99.79	951	2	0	1	951	2641302	2640352	0.0	1746
BP0023	NZ_CP025352.1	99.79	951	2	0	1	951	2687191	2686241	0.0	1746
BP0023	NZ_CP025352.1	99.79	951	2	0	1	951	2697747	2696797	0.0	1746
BP0023	NZ_CP025352.1	99.79	951	2	0	1	951	2699806	2700756	0.0	1746
BP0023	NZ_CP025352.1	99.79	951	2	0	1	951	2705087	2704137	0.0	1746
BP0023	NZ_CP025352.1	99.79	951	2	0	1	951	2788483	2789433	0.0	1746
BP0023	NZ_CP025352.1	99.79	951	2	0	1	951	2813156	2812206	0.0	1746
BP0023	NZ_CP025352.1	99.79	951	2	0	1	951	2858388	2859338	0.0	1746
BP0023	NZ_CP025352.1	99.79	951	2	0	1	951	2859437	2860387	0.0	1746
BP0023	NZ_CP025352.1	99.79	951	2	0	1	951	2869363	2868413	0.0	1746
BP0023	NZ_CP025352.1	99.79	951	2	0	1	951	2925198	2924248	0.0	1746
BP0023	NZ_CP025352.1	99.79	951	2	0	1	951	2991859	2990909	0.0	1746
BP0023	NZ_CP025352.1	99.79	951	2	0	1	951	2999275	2998325	0.0	1746
BP0023	NZ_CP025352.1	99.79	951	2	0	1	951	3029912	3030862	0.0	1746
BP0023	NZ_CP025352.1	99.79	951	2	0	1	951	3121859	3122809	0.0	1746
BP0023	NZ_CP025352.1	99.79	951	2	0	1	951	3149721	3150671	0.0	1746
BP0023	NZ_CP025352.1	99.79	951	2	0	1	951	3183694	3184644	0.0	1746
BP0023	NZ_CP025352.1	99.79	951	2	0	1	951	3232788	3233738	0.0	1746
BP0023	NZ_CP025352.1	99.79	951	2	0	1	951	3235187	3236137	0.0	1746
BP0023	NZ_CP025352.1	99.79	951	2	0	1	951	3243673	3242723	0.0	1746
BP0023	NZ_CP025352.1	99.79	951	2	0	1	951	3244722	3243772	0.0	1746
BP0023	NZ_CP025352.1	99.79	951	2	0	1	951	3267724	3268674	0.0	1746
BP0023	NZ_CP025352.1	99.79	951	2	0	1	951	3280504	3281454	0.0	1746
BP0023	NZ_CP025352.1	99.79	951	2	0	1	951	3299574	3300524	0.0	1746
BP0023	NZ_CP025352.1	99.79	951	2	0	1	951	3380270	3381220	0.0	1746
BP0023	NZ_CP025352.1	99.79	951	2	0	1	951	3401082	3400132	0.0	1746
BP0023	NZ_CP025352.1	99.79	951	2	0	1	951	3424066	3425016	0.0	1746
BP0023	NZ_CP025352.1	99.79	951	2	0	1	951	3434010	3433060	0.0	1746
BP0023	NZ_CP025352.1	99.79	951	2	0	1	951	3532473	3533423	0.0	1746
BP0023	NZ_CP025352.1	99.79	951	2	0	1	951	3559186	3558236	0.0	1746
BP0023	NZ_CP025352.1	99.79	951	2	0	1	951	3625501	3624551	0.0	1746
BP0023	NZ_CP025352.1	99.79	951	2	0	1	951	3719888	3720838	0.0	1746
BP0023	NZ_CP025352.1	99.79	951	2	0	1	951	3731172	3730222	0.0	1746
BP0023	NZ_CP025352.1	99.79	951	2	0	1	951	3733635	3734585	0.0	1746
BP0023	NZ_CP025352.1	99.79	951	2	0	1	951	3769686	3770636	0.0	1746
BP0023	NZ_CP025352.1	99.79	951	2	0	1	951	3826152	3827102	0.0	1746
BP0023	NZ_CP025352.1	99.79	951	2	0	1	951	3926565	3925615	0.0	1746
BP0023	NZ_CP025352.1	99.79	951	2	0	1	951	4082273	4081323	0.0	1746
BP0023	NZ_CP025352.1	99.79	951	1	1	1	951	1124793	1125742	0.0	1744
BP0023	NZ_CP025352.1	99.79	950	2	0	1	950	2965295	2966244	0.0	1744
BP0023	NZ_CP025352.1	99.79	950	2	0	1	950	2978257	2979206	0.0	1744
BP0023	NZ_CP025352.1	99.79	950	2	0	1	950	3024474	3023525	0.0	1744
BP0023	NZ_CP025352.1	99.79	950	2	0	1	950	3304862	3303913	0.0	1744
BP0023	NZ_CP025352.1	99.79	950	2	0	1	950	3479503	3480452	0.0	1744
BP0023	NZ_CP025352.1	99.79	950	2	0	1	950	3545528	3546477	0.0	1744
BP0023	NZ_CP025352.1	99.79	950	2	0	1	950	3756865	3757814	0.0	1744
BP0023	NZ_CP025352.1	99.79	950	2	0	1	950	3918024	3917075	0.0	1744
BP0023	NZ_CP025352.1	99.89	946	1	0	1	946	401157	402102	0.0	1742
BP0023	NZ_CP025352.1	99.89	946	1	0	1	946	3706699	3707644	0.0	1742
BP0023	NZ_CP025352.1	99.68	951	3	0	1	951	34626	35576	0.0	1740
BP0023	NZ_CP025352.1	99.68	951	3	0	1	951	69085	70035	0.0	1740
BP0023	NZ_CP025352.1	99.68	951	3	0	1	951	165842	164892	0.0	1740
BP0023	NZ_CP025352.1	99.68	951	3	0	1	951	205634	206584	0.0	1740
BP0023	NZ_CP025352.1	99.68	951	3	0	1	951	236270	235320	0.0	1740
BP0023	NZ_CP025352.1	99.68	951	3	0	1	951	551513	552463	0.0	1740
BP0023	NZ_CP025352.1	99.68	951	3	0	1	951	562789	561839	0.0	1740
BP0023	NZ_CP025352.1	99.68	951	3	0	1	951	814714	813764	0.0	1740
BP0023	NZ_CP025352.1	99.68	951	3	0	1	951	820301	819351	0.0	1740
BP0023	NZ_CP025352.1	99.68	951	3	0	1	951	861736	860786	0.0	1740
BP0023	NZ_CP025352.1	99.68	951	3	0	1	951	955541	956491	0.0	1740
BP0023	NZ_CP025352.1	99.68	951	3	0	1	951	1024278	1023328	0.0	1740
BP0023	NZ_CP025352.1	99.68	951	3	0	1	951	1096172	1095222	0.0	1740
BP0023	NZ_CP025352.1	99.68	951	3	0	1	951	1261561	1262511	0.0	1740
BP0023	NZ_CP025352.1	99.68	951	3	0	1	951	1326769	1325819	0.0	1740
BP0023	NZ_CP025352.1	99.68	951	3	0	1	951	1384716	1385666	0.0	1740
BP0023	NZ_CP025352.1	99.68	951	3	0	1	951	1493202	1494152	0.0	1740
BP0023	NZ_CP025352.1	99.68	951	3	0	1	951	1501645	1500695	0.0	1740
BP0023	NZ_CP025352.1	99.68	951	3	0	1	951	1584893	1583943	0.0	1740
BP0023	NZ_CP025352.1	99.68	951	3	0	1	951	1612192	1613142	0.0	1740
BP0023	NZ_CP025352.1	99.68	951	3	0	1	951	1646453	1645503	0.0	1740
BP0023	NZ_CP025352.1	99.68	951	3	0	1	951	1755102	1754152	0.0	1740
BP0023	NZ_CP025352.1	99.68	951	3	0	1	951	1904742	1903792	0.0	1740
BP0023	NZ_CP025352.1	99.68	951	3	0	1	951	2069458	2070408	0.0	1740
BP0023	NZ_CP025352.1	99.68	951	3	0	1	951	2112815	2111865	0.0	1740
BP0023	NZ_CP025352.1	99.68	951	3	0	1	951	2330251	2329301	0.0	1740
BP0023	NZ_CP025352.1	99.68	951	3	0	1	951	2352860	2351910	0.0	1740
BP0023	NZ_CP025352.1	99.68	951	3	0	1	951	2360728	2361678	0.0	1740
BP0023	NZ_CP025352.1	99.68	951	3	0	1	951	2605613	2606563	0.0	1740
BP0023	NZ_CP025352.1	99.68	951	3	0	1	951	2731971	2731021	0.0	1740
BP0023	NZ_CP025352.1	99.68	951	3	0	1	951	2754007	2753057	0.0	1740
BP0023	NZ_CP025352.1	99.68	951	3	0	1	951	2804936	2805886	0.0	1740
BP0023	NZ_CP025352.1	99.68	951	3	0	1	951	2884790	2883840	0.0	1740
BP0023	NZ_CP025352.1	99.68	951	3	0	1	951	2948441	2947491	0.0	1740
BP0023	NZ_CP025352.1	99.68	951	3	0	1	951	2986426	2985476	0.0	1740
BP0023	NZ_CP025352.1	99.68	951	3	0	1	951	3318366	3317416	0.0	1740
BP0023	NZ_CP025352.1	99.68	951	3	0	1	951	3514404	3515354	0.0	1740
BP0023	NZ_CP025352.1	99.68	951	3	0	1	951	3534813	3535763	0.0	1740
BP0023	NZ_CP025352.1	99.68	951	3	0	1	951	3844029	3843079	0.0	1740
BP0023	NZ_CP025352.1	99.68	951	2	1	1	951	43664	44613	0.0	1738
BP0023	NZ_CP025352.1	99.68	951	2	1	1	951	1217094	1218043	0.0	1738
BP0023	NZ_CP025352.1	99.68	951	2	1	1	951	2182411	2181462	0.0	1738
BP0023	NZ_CP025352.1	99.68	951	2	1	1	951	2258212	2257263	0.0	1738
BP0023	NZ_CP025352.1	99.79	946	2	0	1	946	3499465	3498520	0.0	1736
BP0023	NZ_CP025352.1	99.58	951	4	0	1	951	649544	648594	0.0	1735
BP0023	NZ_CP025352.1	99.58	951	4	0	1	951	1335311	1336261	0.0	1735
BP0023	NZ_CP025352.1	99.58	951	4	0	1	951	1490339	1489389	0.0	1735
BP0023	NZ_CP025352.1	99.58	951	4	0	1	951	1996574	1997524	0.0	1735
BP0023	NZ_CP025352.1	99.58	951	4	0	1	951	2113864	2112914	0.0	1735
BP0023	NZ_CP025352.1	99.58	951	4	0	1	951	2696156	2695206	0.0	1735
BP0023	NZ_CP025352.1	99.58	951	4	0	1	951	2726909	2725959	0.0	1735
BP0023	NZ_CP025352.1	99.58	951	4	0	1	951	3416980	3416030	0.0	1735
BP0023	NZ_CP025352.1	99.58	951	3	1	1	951	666069	665120	0.0	1733
BP0023	NZ_CP025352.1	99.58	951	3	1	1	951	2244150	2243201	0.0	1733
BP0023	NZ_CP025352.1	99.47	951	5	0	1	951	4029792	4028842	0.0	1729
BP0023	NZ_CP025352.1	99.37	951	6	0	1	951	3009815	3008865	0.0	1724
BP0023	NZ_CP025352.1	99.89	935	1	0	1	935	2036010	2036944	0.0	1722
