BP2673	NZ_CP011175.1	100.00	951	0	0	1	951	236432	237382	0.0	1757
BP2673	NZ_CP011175.1	100.00	951	0	0	1	951	2817584	2816634	0.0	1757
BP2673	NZ_CP011175.1	100.00	951	0	0	1	951	4042006	4042956	0.0	1757
BP2673	NZ_CP011175.1	99.89	950	1	0	1	950	3543502	3544451	0.0	1749
BP2673	NZ_CP011175.1	99.78	919	2	0	33	951	652750	653668	0.0	1687
BP2673	NZ_CP011175.1	100.00	835	0	0	33	867	80781	81615	0.0	1543
BP1388	NZ_CP011175.1	100.00	1017	0	0	1	1017	1004743	1003727	0.0	1879
BP1388	NZ_CP011175.1	100.00	1017	0	0	1	1017	1065684	1064668	0.0	1879
BP1388	NZ_CP011175.1	100.00	1017	0	0	1	1017	1404509	1403493	0.0	1879
BP1388	NZ_CP011175.1	100.00	1017	0	0	1	1017	1428620	1429636	0.0	1879
BP1388	NZ_CP011175.1	100.00	1017	0	0	1	1017	1884983	1883967	0.0	1879
BP1388	NZ_CP011175.1	100.00	1017	0	0	1	1017	2335150	2336166	0.0	1879
BP1388	NZ_CP011175.1	99.90	1017	1	0	1	1017	1929782	1930798	0.0	1873
BP1388	NZ_CP011175.1	99.90	1017	1	0	1	1017	3454941	3453925	0.0	1873
BP1388	NZ_CP011175.1	99.80	1017	2	0	1	1017	117043	118059	0.0	1868
BP1388	NZ_CP011175.1	99.80	1017	2	0	1	1017	890983	889967	0.0	1868
BP1388	NZ_CP011175.1	99.80	1017	2	0	1	1017	1075050	1074034	0.0	1868
BP1388	NZ_CP011175.1	99.80	1017	2	0	1	1017	2116225	2115209	0.0	1868
BP1388	NZ_CP011175.1	99.80	1017	2	0	1	1017	2866004	2864988	0.0	1868
BP1388	NZ_CP011175.1	99.80	1017	2	0	1	1017	3439393	3440409	0.0	1868
BP1388	NZ_CP011175.1	99.80	1017	2	0	1	1017	3472686	3473702	0.0	1868
BP1388	NZ_CP011175.1	99.80	1017	2	0	1	1017	3846258	3847274	0.0	1868
BP1388	NZ_CP011175.1	99.61	1017	4	0	1	1017	1083672	1084688	0.0	1857
BP0023	NZ_CP011175.1	100.00	951	0	0	1	951	28233	27283	0.0	1757
BP0023	NZ_CP011175.1	100.00	951	0	0	1	951	416445	415495	0.0	1757
BP0023	NZ_CP011175.1	100.00	951	0	0	1	951	433431	434381	0.0	1757
BP0023	NZ_CP011175.1	100.00	951	0	0	1	951	1488822	1487872	0.0	1757
BP0023	NZ_CP011175.1	100.00	951	0	0	1	951	1622170	1621220	0.0	1757
BP0023	NZ_CP011175.1	100.00	951	0	0	1	951	2130382	2129432	0.0	1757
BP0023	NZ_CP011175.1	100.00	951	0	0	1	951	2598796	2599746	0.0	1757
BP0023	NZ_CP011175.1	100.00	951	0	0	1	951	4079445	4080395	0.0	1757
BP0023	NZ_CP011175.1	100.00	950	0	0	1	950	1043288	1042339	0.0	1755
BP0023	NZ_CP011175.1	99.89	951	1	0	1	951	60546	59596	0.0	1751
BP0023	NZ_CP011175.1	99.89	951	1	0	1	951	80683	79733	0.0	1751
BP0023	NZ_CP011175.1	99.89	951	1	0	1	951	124170	123220	0.0	1751
BP0023	NZ_CP011175.1	99.89	951	1	0	1	951	138205	137255	0.0	1751
BP0023	NZ_CP011175.1	99.89	951	1	0	1	951	235395	236345	0.0	1751
BP0023	NZ_CP011175.1	99.89	951	1	0	1	951	280149	279199	0.0	1751
BP0023	NZ_CP011175.1	99.89	951	1	0	1	951	358976	358026	0.0	1751
BP0023	NZ_CP011175.1	99.89	951	1	0	1	951	394916	393966	0.0	1751
BP0023	NZ_CP011175.1	99.89	951	1	0	1	951	451474	450524	0.0	1751
BP0023	NZ_CP011175.1	99.89	951	1	0	1	951	452523	451573	0.0	1751
BP0023	NZ_CP011175.1	99.89	951	1	0	1	951	479230	478280	0.0	1751
BP0023	NZ_CP011175.1	99.89	951	1	0	1	951	622860	623810	0.0	1751
BP0023	NZ_CP011175.1	99.89	951	1	0	1	951	684234	685184	0.0	1751
BP0023	NZ_CP011175.1	99.89	951	1	0	1	951	740010	739060	0.0	1751
BP0023	NZ_CP011175.1	99.89	951	1	0	1	951	858256	859206	0.0	1751
BP0023	NZ_CP011175.1	99.89	951	1	0	1	951	938838	939788	0.0	1751
BP0023	NZ_CP011175.1	99.89	951	1	0	1	951	956999	957949	0.0	1751
BP0023	NZ_CP011175.1	99.89	951	1	0	1	951	1030547	1029597	0.0	1751
BP0023	NZ_CP011175.1	99.89	951	1	0	1	951	1051499	1052449	0.0	1751
BP0023	NZ_CP011175.1	99.89	951	1	0	1	951	1102145	1101195	0.0	1751
BP0023	NZ_CP011175.1	99.89	951	1	0	1	951	1130766	1131716	0.0	1751
BP0023	NZ_CP011175.1	99.89	951	1	0	1	951	1185607	1184657	0.0	1751
BP0023	NZ_CP011175.1	99.89	951	1	0	1	951	1205317	1206267	0.0	1751
BP0023	NZ_CP011175.1	99.89	951	1	0	1	951	1340718	1339768	0.0	1751
BP0023	NZ_CP011175.1	99.89	951	1	0	1	951	1435333	1434383	0.0	1751
BP0023	NZ_CP011175.1	99.89	951	1	0	1	951	1534908	1535858	0.0	1751
BP0023	NZ_CP011175.1	99.89	951	1	0	1	951	1785489	1784539	0.0	1751
BP0023	NZ_CP011175.1	99.89	951	1	0	1	951	1916027	1916977	0.0	1751
BP0023	NZ_CP011175.1	99.89	951	1	0	1	951	2000542	1999592	0.0	1751
BP0023	NZ_CP011175.1	99.89	951	1	0	1	951	2131035	2131985	0.0	1751
BP0023	NZ_CP011175.1	99.89	951	1	0	1	951	2238031	2237081	0.0	1751
BP0023	NZ_CP011175.1	99.89	951	1	0	1	951	2318130	2317180	0.0	1751
BP0023	NZ_CP011175.1	99.89	951	1	0	1	951	2319179	2318229	0.0	1751
BP0023	NZ_CP011175.1	99.89	951	1	0	1	951	2342067	2341117	0.0	1751
BP0023	NZ_CP011175.1	99.89	951	1	0	1	951	2394285	2395235	0.0	1751
BP0023	NZ_CP011175.1	99.89	951	1	0	1	951	2455265	2456215	0.0	1751
BP0023	NZ_CP011175.1	99.89	951	1	0	1	951	2486742	2485792	0.0	1751
BP0023	NZ_CP011175.1	99.89	951	1	0	1	951	2521593	2520643	0.0	1751
BP0023	NZ_CP011175.1	99.89	951	1	0	1	951	2550574	2549624	0.0	1751
BP0023	NZ_CP011175.1	99.89	951	1	0	1	951	2572996	2572046	0.0	1751
BP0023	NZ_CP011175.1	99.89	951	1	0	1	951	2698992	2698042	0.0	1751
BP0023	NZ_CP011175.1	99.89	951	1	0	1	951	2848792	2847842	0.0	1751
BP0023	NZ_CP011175.1	99.89	951	1	0	1	951	2920856	2919906	0.0	1751
BP0023	NZ_CP011175.1	99.89	951	1	0	1	951	2930503	2931453	0.0	1751
BP0023	NZ_CP011175.1	99.89	951	1	0	1	951	2979239	2978289	0.0	1751
BP0023	NZ_CP011175.1	99.89	951	1	0	1	951	3101592	3100642	0.0	1751
BP0023	NZ_CP011175.1	99.89	951	1	0	1	951	3140928	3141878	0.0	1751
BP0023	NZ_CP011175.1	99.89	951	1	0	1	951	3160508	3161458	0.0	1751
BP0023	NZ_CP011175.1	99.89	951	1	0	1	951	3247024	3247974	0.0	1751
BP0023	NZ_CP011175.1	99.89	951	1	0	1	951	3302071	3301121	0.0	1751
BP0023	NZ_CP011175.1	99.89	951	1	0	1	951	3322828	3323778	0.0	1751
BP0023	NZ_CP011175.1	99.89	951	1	0	1	951	3487484	3486534	0.0	1751
BP0023	NZ_CP011175.1	99.89	951	1	0	1	951	3501865	3500915	0.0	1751
BP0023	NZ_CP011175.1	99.89	951	1	0	1	951	3554834	3555784	0.0	1751
BP0023	NZ_CP011175.1	99.89	951	1	0	1	951	3581269	3582219	0.0	1751
BP0023	NZ_CP011175.1	99.89	951	1	0	1	951	3594967	3594017	0.0	1751
BP0023	NZ_CP011175.1	99.89	951	1	0	1	951	3633146	3632196	0.0	1751
BP0023	NZ_CP011175.1	99.89	951	1	0	1	951	3668349	3669299	0.0	1751
BP0023	NZ_CP011175.1	99.89	951	1	0	1	951	3761350	3762300	0.0	1751
BP0023	NZ_CP011175.1	99.89	951	1	0	1	951	3794135	3795085	0.0	1751
BP0023	NZ_CP011175.1	99.89	951	1	0	1	951	3833802	3834752	0.0	1751
BP0023	NZ_CP011175.1	99.89	951	1	0	1	951	3851679	3850729	0.0	1751
BP0023	NZ_CP011175.1	99.89	951	1	0	1	951	4003949	4002999	0.0	1751
BP0023	NZ_CP011175.1	99.89	951	1	0	1	951	4043055	4044005	0.0	1751
BP0023	NZ_CP011175.1	99.89	951	1	0	1	951	4077347	4078297	0.0	1751
BP0023	NZ_CP011175.1	99.89	951	1	0	1	951	4078396	4079346	0.0	1751
BP0023	NZ_CP011175.1	99.89	951	1	0	1	951	4092018	4091068	0.0	1751
BP0023	NZ_CP011175.1	99.89	950	1	0	1	950	424257	425206	0.0	1749
BP0023	NZ_CP011175.1	99.89	950	1	0	1	950	680398	681347	0.0	1749
BP0023	NZ_CP011175.1	99.89	950	1	0	1	950	781671	782620	0.0	1749
BP0023	NZ_CP011175.1	99.89	950	1	0	1	950	1158421	1159370	0.0	1749
BP0023	NZ_CP011175.1	99.89	950	1	0	1	950	1560651	1559702	0.0	1749
BP0023	NZ_CP011175.1	99.89	950	1	0	1	950	1939822	1940771	0.0	1749
BP0023	NZ_CP011175.1	99.89	950	1	0	1	950	3314601	3313652	0.0	1749
BP0023	NZ_CP011175.1	99.89	950	1	0	1	950	3489241	3490190	0.0	1749
BP0023	NZ_CP011175.1	99.79	951	2	0	1	951	44713	45663	0.0	1746
BP0023	NZ_CP011175.1	99.79	951	2	0	1	951	51191	52141	0.0	1746
BP0023	NZ_CP011175.1	99.79	951	2	0	1	951	71184	72134	0.0	1746
BP0023	NZ_CP011175.1	99.79	951	2	0	1	951	110476	109526	0.0	1746
BP0023	NZ_CP011175.1	99.79	951	2	0	1	951	167937	166987	0.0	1746
BP0023	NZ_CP011175.1	99.79	951	2	0	1	951	176395	177345	0.0	1746
BP0023	NZ_CP011175.1	99.79	951	2	0	1	951	227462	226512	0.0	1746
BP0023	NZ_CP011175.1	99.79	951	2	0	1	951	267632	268582	0.0	1746
BP0023	NZ_CP011175.1	99.79	951	2	0	1	951	284438	283488	0.0	1746
BP0023	NZ_CP011175.1	99.79	951	2	0	1	951	290031	289081	0.0	1746
BP0023	NZ_CP011175.1	99.79	951	2	0	1	951	304610	303660	0.0	1746
BP0023	NZ_CP011175.1	99.79	951	2	0	1	951	305178	306128	0.0	1746
BP0023	NZ_CP011175.1	99.79	951	2	0	1	951	333492	334442	0.0	1746
BP0023	NZ_CP011175.1	99.79	951	2	0	1	951	369363	368413	0.0	1746
BP0023	NZ_CP011175.1	99.79	951	2	0	1	951	526464	525514	0.0	1746
BP0023	NZ_CP011175.1	99.79	951	2	0	1	951	555671	556621	0.0	1746
BP0023	NZ_CP011175.1	99.79	951	2	0	1	951	592480	593430	0.0	1746
BP0023	NZ_CP011175.1	99.79	951	2	0	1	951	639799	638849	0.0	1746
BP0023	NZ_CP011175.1	99.79	951	2	0	1	951	693479	692529	0.0	1746
BP0023	NZ_CP011175.1	99.79	951	2	0	1	951	752248	751298	0.0	1746
BP0023	NZ_CP011175.1	99.79	951	2	0	1	951	755457	756407	0.0	1746
BP0023	NZ_CP011175.1	99.79	951	2	0	1	951	762358	761408	0.0	1746
BP0023	NZ_CP011175.1	99.79	951	2	0	1	951	765378	766328	0.0	1746
BP0023	NZ_CP011175.1	99.79	951	2	0	1	951	766427	767377	0.0	1746
BP0023	NZ_CP011175.1	99.79	951	2	0	1	951	825508	824558	0.0	1746
BP0023	NZ_CP011175.1	99.79	951	2	0	1	951	866943	865993	0.0	1746
BP0023	NZ_CP011175.1	99.79	951	2	0	1	951	906569	907519	0.0	1746
BP0023	NZ_CP011175.1	99.79	951	2	0	1	951	917132	918082	0.0	1746
BP0023	NZ_CP011175.1	99.79	951	2	0	1	951	942541	943491	0.0	1746
BP0023	NZ_CP011175.1	99.79	951	2	0	1	951	981128	982078	0.0	1746
BP0023	NZ_CP011175.1	99.79	951	2	0	1	951	1117400	1118350	0.0	1746
BP0023	NZ_CP011175.1	99.79	951	2	0	1	951	1123083	1122133	0.0	1746
BP0023	NZ_CP011175.1	99.79	951	2	0	1	951	1163719	1162769	0.0	1746
BP0023	NZ_CP011175.1	99.79	951	2	0	1	951	1183509	1182559	0.0	1746
BP0023	NZ_CP011175.1	99.79	951	2	0	1	951	1184558	1183608	0.0	1746
BP0023	NZ_CP011175.1	99.79	951	2	0	1	951	1249786	1250736	0.0	1746
BP0023	NZ_CP011175.1	99.79	951	2	0	1	951	1306355	1305405	0.0	1746
BP0023	NZ_CP011175.1	99.79	951	2	0	1	951	1400845	1399895	0.0	1746
BP0023	NZ_CP011175.1	99.79	951	2	0	1	951	1500096	1501046	0.0	1746
BP0023	NZ_CP011175.1	99.79	951	2	0	1	951	1501145	1502095	0.0	1746
BP0023	NZ_CP011175.1	99.79	951	2	0	1	951	1635727	1634777	0.0	1746
BP0023	NZ_CP011175.1	99.79	951	2	0	1	951	1709357	1710307	0.0	1746
BP0023	NZ_CP011175.1	99.79	951	2	0	1	951	1736222	1737172	0.0	1746
BP0023	NZ_CP011175.1	99.79	951	2	0	1	951	1744376	1743426	0.0	1746
BP0023	NZ_CP011175.1	99.79	951	2	0	1	951	1784440	1783490	0.0	1746
BP0023	NZ_CP011175.1	99.79	951	2	0	1	951	1801587	1800637	0.0	1746
BP0023	NZ_CP011175.1	99.79	951	2	0	1	951	1823982	1823032	0.0	1746
BP0023	NZ_CP011175.1	99.79	951	2	0	1	951	1965698	1966648	0.0	1746
BP0023	NZ_CP011175.1	99.79	951	2	0	1	951	2040930	2041880	0.0	1746
BP0023	NZ_CP011175.1	99.79	951	2	0	1	951	2096487	2097437	0.0	1746
BP0023	NZ_CP011175.1	99.79	951	2	0	1	951	2111056	2110106	0.0	1746
BP0023	NZ_CP011175.1	99.79	951	2	0	1	951	2159500	2158550	0.0	1746
BP0023	NZ_CP011175.1	99.79	951	2	0	1	951	2170705	2171655	0.0	1746
BP0023	NZ_CP011175.1	99.79	951	2	0	1	951	2200930	2201880	0.0	1746
BP0023	NZ_CP011175.1	99.79	951	2	0	1	951	2239080	2238130	0.0	1746
BP0023	NZ_CP011175.1	99.79	951	2	0	1	951	2255309	2254359	0.0	1746
BP0023	NZ_CP011175.1	99.79	951	2	0	1	951	2293365	2292415	0.0	1746
BP0023	NZ_CP011175.1	99.79	951	2	0	1	951	2303678	2302728	0.0	1746
BP0023	NZ_CP011175.1	99.79	951	2	0	1	951	2356429	2355479	0.0	1746
BP0023	NZ_CP011175.1	99.79	951	2	0	1	951	2415037	2415987	0.0	1746
BP0023	NZ_CP011175.1	99.79	951	2	0	1	951	2465438	2464488	0.0	1746
BP0023	NZ_CP011175.1	99.79	951	2	0	1	951	2502362	2503312	0.0	1746
BP0023	NZ_CP011175.1	99.79	951	2	0	1	951	2507330	2506380	0.0	1746
BP0023	NZ_CP011175.1	99.79	951	2	0	1	951	2565185	2566135	0.0	1746
BP0023	NZ_CP011175.1	99.79	951	2	0	1	951	2568211	2567261	0.0	1746
BP0023	NZ_CP011175.1	99.79	951	2	0	1	951	2611924	2610974	0.0	1746
BP0023	NZ_CP011175.1	99.79	951	2	0	1	951	2617414	2618364	0.0	1746
BP0023	NZ_CP011175.1	99.79	951	2	0	1	951	2716888	2715938	0.0	1746
BP0023	NZ_CP011175.1	99.79	951	2	0	1	951	2799234	2800184	0.0	1746
BP0023	NZ_CP011175.1	99.79	951	2	0	1	951	2823907	2822957	0.0	1746
BP0023	NZ_CP011175.1	99.79	951	2	0	1	951	2869148	2870098	0.0	1746
BP0023	NZ_CP011175.1	99.79	951	2	0	1	951	2870197	2871147	0.0	1746
BP0023	NZ_CP011175.1	99.79	951	2	0	1	951	2880123	2879173	0.0	1746
BP0023	NZ_CP011175.1	99.79	951	2	0	1	951	2895549	2894599	0.0	1746
BP0023	NZ_CP011175.1	99.79	951	2	0	1	951	2959199	2958249	0.0	1746
BP0023	NZ_CP011175.1	99.79	951	2	0	1	951	2967293	2966343	0.0	1746
BP0023	NZ_CP011175.1	99.79	951	2	0	1	951	3002617	3001667	0.0	1746
BP0023	NZ_CP011175.1	99.79	951	2	0	1	951	3004581	3005531	0.0	1746
BP0023	NZ_CP011175.1	99.79	951	2	0	1	951	3040669	3041619	0.0	1746
BP0023	NZ_CP011175.1	99.79	951	2	0	1	951	3058379	3059329	0.0	1746
BP0023	NZ_CP011175.1	99.79	951	2	0	1	951	3132647	3133597	0.0	1746
BP0023	NZ_CP011175.1	99.79	951	2	0	1	951	3194481	3195431	0.0	1746
BP0023	NZ_CP011175.1	99.79	951	2	0	1	951	3195530	3196480	0.0	1746
BP0023	NZ_CP011175.1	99.79	951	2	0	1	951	3244625	3245575	0.0	1746
BP0023	NZ_CP011175.1	99.79	951	2	0	1	951	3254461	3253511	0.0	1746
BP0023	NZ_CP011175.1	99.79	951	2	0	1	951	3290243	3291193	0.0	1746
BP0023	NZ_CP011175.1	99.79	951	2	0	1	951	3309313	3310263	0.0	1746
BP0023	NZ_CP011175.1	99.79	951	2	0	1	951	3328105	3327155	0.0	1746
BP0023	NZ_CP011175.1	99.79	951	2	0	1	951	3390009	3390959	0.0	1746
BP0023	NZ_CP011175.1	99.79	951	2	0	1	951	3410821	3409871	0.0	1746
BP0023	NZ_CP011175.1	99.79	951	2	0	1	951	3426719	3425769	0.0	1746
BP0023	NZ_CP011175.1	99.79	951	2	0	1	951	3433805	3434755	0.0	1746
BP0023	NZ_CP011175.1	99.79	951	2	0	1	951	3443749	3442799	0.0	1746
BP0023	NZ_CP011175.1	99.79	951	2	0	1	951	3524142	3525092	0.0	1746
BP0023	NZ_CP011175.1	99.79	951	2	0	1	951	3542211	3543161	0.0	1746
BP0023	NZ_CP011175.1	99.79	951	2	0	1	951	3726483	3727433	0.0	1746
BP0023	NZ_CP011175.1	99.79	951	2	0	1	951	3737767	3736817	0.0	1746
BP0023	NZ_CP011175.1	99.79	951	2	0	1	951	3740230	3741180	0.0	1746
BP0023	NZ_CP011175.1	99.79	951	2	0	1	951	3777330	3778280	0.0	1746
BP0023	NZ_CP011175.1	99.79	951	2	0	1	951	3798127	3797177	0.0	1746
BP0023	NZ_CP011175.1	99.79	951	2	0	1	951	3934215	3933265	0.0	1746
BP0023	NZ_CP011175.1	99.79	951	2	0	1	951	3962273	3963223	0.0	1746
BP0023	NZ_CP011175.1	99.79	950	2	0	1	950	2114116	2115065	0.0	1744
BP0023	NZ_CP011175.1	99.79	950	2	0	1	950	2976053	2977002	0.0	1744
BP0023	NZ_CP011175.1	99.79	950	2	0	1	950	2989015	2989964	0.0	1744
BP0023	NZ_CP011175.1	99.79	950	2	0	1	950	3035231	3034282	0.0	1744
BP0023	NZ_CP011175.1	99.79	950	2	0	1	950	3567443	3566494	0.0	1744
BP0023	NZ_CP011175.1	99.79	950	2	0	1	950	3925674	3924725	0.0	1744
BP0023	NZ_CP011175.1	99.89	946	1	0	1	946	404266	405211	0.0	1742
BP0023	NZ_CP011175.1	99.89	946	1	0	1	946	3713294	3714239	0.0	1742
BP0023	NZ_CP011175.1	99.68	951	3	0	1	951	34626	35576	0.0	1740
BP0023	NZ_CP011175.1	99.68	951	3	0	1	951	59497	58547	0.0	1740
BP0023	NZ_CP011175.1	99.68	952	2	1	1	951	196463	197414	0.0	1740
BP0023	NZ_CP011175.1	99.68	951	3	0	1	951	207694	208644	0.0	1740
BP0023	NZ_CP011175.1	99.68	951	3	0	1	951	238329	237379	0.0	1740
BP0023	NZ_CP011175.1	99.68	951	3	0	1	951	469012	469962	0.0	1740
BP0023	NZ_CP011175.1	99.68	951	3	0	1	951	566947	565997	0.0	1740
BP0023	NZ_CP011175.1	99.68	951	3	0	1	951	669178	668228	0.0	1740
BP0023	NZ_CP011175.1	99.68	951	3	0	1	951	723422	724372	0.0	1740
BP0023	NZ_CP011175.1	99.68	951	3	0	1	951	960755	961705	0.0	1740
BP0023	NZ_CP011175.1	99.68	951	3	0	1	951	1029498	1028548	0.0	1740
BP0023	NZ_CP011175.1	99.68	951	3	0	1	951	1172550	1173500	0.0	1740
BP0023	NZ_CP011175.1	99.68	952	2	1	1	951	1224663	1225614	0.0	1740
BP0023	NZ_CP011175.1	99.68	951	3	0	1	951	1314994	1314044	0.0	1740
BP0023	NZ_CP011175.1	99.68	951	3	0	1	951	1368834	1369784	0.0	1740
BP0023	NZ_CP011175.1	99.68	951	3	0	1	951	1372941	1373891	0.0	1740
BP0023	NZ_CP011175.1	99.68	951	3	0	1	951	1481428	1482378	0.0	1740
BP0023	NZ_CP011175.1	99.68	951	3	0	1	951	1573119	1572169	0.0	1740
BP0023	NZ_CP011175.1	99.68	951	3	0	1	951	1600417	1601367	0.0	1740
BP0023	NZ_CP011175.1	99.68	951	3	0	1	951	1682798	1681848	0.0	1740
BP0023	NZ_CP011175.1	99.68	951	3	0	1	951	1793214	1794164	0.0	1740
BP0023	NZ_CP011175.1	99.68	951	3	0	1	951	2010039	2009089	0.0	1740
BP0023	NZ_CP011175.1	99.68	951	3	0	1	951	2095438	2096388	0.0	1740
BP0023	NZ_CP011175.1	99.68	951	3	0	1	951	2097659	2098609	0.0	1740
BP0023	NZ_CP011175.1	99.68	951	3	0	1	951	2240215	2241165	0.0	1740
BP0023	NZ_CP011175.1	99.68	951	3	0	1	951	2364676	2363726	0.0	1740
BP0023	NZ_CP011175.1	99.68	951	3	0	1	951	2372543	2373493	0.0	1740
BP0023	NZ_CP011175.1	99.68	951	3	0	1	951	2410256	2411206	0.0	1740
BP0023	NZ_CP011175.1	99.68	951	3	0	1	951	2419315	2418365	0.0	1740
BP0023	NZ_CP011175.1	99.68	951	3	0	1	951	2653103	2652153	0.0	1740
BP0023	NZ_CP011175.1	99.68	951	3	0	1	951	2709548	2708598	0.0	1740
BP0023	NZ_CP011175.1	99.68	951	3	0	1	951	2711607	2712557	0.0	1740
BP0023	NZ_CP011175.1	99.68	951	3	0	1	951	2764759	2763809	0.0	1740
BP0023	NZ_CP011175.1	99.68	951	3	0	1	951	2815687	2816637	0.0	1740
BP0023	NZ_CP011175.1	99.68	951	3	0	1	951	2935956	2935006	0.0	1740
BP0023	NZ_CP011175.1	99.68	951	3	0	1	951	3010033	3009083	0.0	1740
BP0023	NZ_CP011175.1	99.68	951	3	0	1	951	3267241	3266291	0.0	1740
BP0023	NZ_CP011175.1	99.68	951	3	0	1	951	3578163	3577213	0.0	1740
BP0023	NZ_CP011175.1	99.68	951	3	0	1	951	3774491	3775441	0.0	1740
BP0023	NZ_CP011175.1	99.68	951	2	1	1	951	1866101	1867050	0.0	1738
BP0023	NZ_CP011175.1	99.68	950	3	0	1	950	3763460	3764409	0.0	1738
BP0023	NZ_CP011175.1	99.79	946	2	0	1	946	3509203	3508258	0.0	1736
BP0023	NZ_CP011175.1	99.58	951	4	0	1	951	652652	651702	0.0	1735
BP0023	NZ_CP011175.1	99.58	951	4	0	1	951	692430	691480	0.0	1735
BP0023	NZ_CP011175.1	99.58	951	4	0	1	951	819921	818971	0.0	1735
BP0023	NZ_CP011175.1	99.58	951	4	0	1	951	1101096	1100146	0.0	1735
BP0023	NZ_CP011175.1	99.58	951	4	0	1	951	1323536	1324486	0.0	1735
BP0023	NZ_CP011175.1	99.58	951	4	0	1	951	1478565	1477615	0.0	1735
BP0023	NZ_CP011175.1	99.58	951	4	0	1	951	1880163	1881113	0.0	1735
BP0023	NZ_CP011175.1	99.58	951	4	0	1	951	2034256	2035206	0.0	1735
BP0023	NZ_CP011175.1	99.58	951	4	0	1	951	2077598	2076648	0.0	1735
BP0023	NZ_CP011175.1	99.58	951	4	0	1	951	2152580	2151630	0.0	1735
BP0023	NZ_CP011175.1	99.58	951	4	0	1	951	2707957	2707007	0.0	1735
BP0023	NZ_CP011175.1	99.58	951	4	0	1	951	2738710	2737760	0.0	1735
BP0023	NZ_CP011175.1	99.58	951	4	0	1	951	2997184	2996234	0.0	1735
BP0023	NZ_CP011175.1	99.58	951	4	0	1	951	4038488	4037538	0.0	1735
BP0023	NZ_CP011175.1	99.47	951	5	0	1	951	35675	36625	0.0	1729
BP0023	NZ_CP011175.1	99.47	951	5	0	1	951	1001587	1002537	0.0	1729
BP0023	NZ_CP011175.1	99.47	951	5	0	1	951	3020573	3019623	0.0	1729
BP0023	NZ_CP011175.1	99.89	935	1	0	1	935	2112095	2111161	0.0	1722
