BP2673	NZ_CP010251.1	100.00	951	0	0	1	951	234374	235324	0.0	1757
BP2673	NZ_CP010251.1	100.00	951	0	0	1	951	2807613	2806663	0.0	1757
BP2673	NZ_CP010251.1	100.00	951	0	0	1	951	4034090	4035040	0.0	1757
BP2673	NZ_CP010251.1	99.89	951	1	0	1	951	3534545	3535495	0.0	1751
BP2673	NZ_CP010251.1	99.78	919	2	0	33	951	650693	651611	0.0	1687
BP2673	NZ_CP010251.1	100.00	835	0	0	33	867	78683	79517	0.0	1543
BP1388	NZ_CP010251.1	100.00	1017	0	0	1	1017	1001629	1000613	0.0	1879
BP1388	NZ_CP010251.1	100.00	1017	0	0	1	1017	1869324	1868308	0.0	1879
BP1388	NZ_CP010251.1	100.00	1017	0	0	1	1017	2296751	2297767	0.0	1879
BP1388	NZ_CP010251.1	100.00	1017	0	0	1	1017	3445983	3444967	0.0	1879
BP1388	NZ_CP010251.1	99.90	1017	1	0	1	1017	886828	885812	0.0	1873
BP1388	NZ_CP010251.1	99.90	1017	1	0	1	1017	1061521	1060505	0.0	1873
BP1388	NZ_CP010251.1	99.90	1017	1	0	1	1017	1070887	1069871	0.0	1873
BP1388	NZ_CP010251.1	99.90	1017	1	0	1	1017	1417060	1416044	0.0	1873
BP1388	NZ_CP010251.1	99.90	1017	1	0	1	1017	1441171	1442187	0.0	1873
BP1388	NZ_CP010251.1	99.90	1017	1	0	1	1017	2856024	2855008	0.0	1873
BP1388	NZ_CP010251.1	99.80	1017	2	0	1	1017	2075727	2074711	0.0	1868
BP1388	NZ_CP010251.1	99.80	1017	2	0	1	1017	3463728	3464744	0.0	1868
BP1388	NZ_CP010251.1	99.80	1017	2	0	1	1017	3839389	3840405	0.0	1868
BP1388	NZ_CP010251.1	99.71	1017	3	0	1	1017	114945	115961	0.0	1862
BP1388	NZ_CP010251.1	99.71	1017	3	0	1	1017	1079509	1080525	0.0	1862
BP1388	NZ_CP010251.1	99.71	1017	3	0	1	1017	3430434	3431450	0.0	1862
BP0023	NZ_CP010251.1	100.00	951	0	0	1	951	413337	412387	0.0	1757
BP0023	NZ_CP010251.1	100.00	951	0	0	1	951	430323	431273	0.0	1757
BP0023	NZ_CP010251.1	100.00	951	0	0	1	951	1501372	1500422	0.0	1757
BP0023	NZ_CP010251.1	100.00	951	0	0	1	951	2089884	2088934	0.0	1757
BP0023	NZ_CP010251.1	100.00	951	0	0	1	951	2587775	2588725	0.0	1757
BP0023	NZ_CP010251.1	100.00	951	0	0	1	951	3705381	3706331	0.0	1757
BP0023	NZ_CP010251.1	100.00	951	0	0	1	951	4035139	4036089	0.0	1757
BP0023	NZ_CP010251.1	100.00	951	0	0	1	951	4069431	4070381	0.0	1757
BP0023	NZ_CP010251.1	100.00	950	0	0	1	950	1039125	1038176	0.0	1755
BP0023	NZ_CP010251.1	99.89	951	1	0	1	951	78585	77635	0.0	1751
BP0023	NZ_CP010251.1	99.89	951	1	0	1	951	122073	121123	0.0	1751
BP0023	NZ_CP010251.1	99.89	951	1	0	1	951	136108	135158	0.0	1751
BP0023	NZ_CP010251.1	99.89	951	1	0	1	951	233337	234287	0.0	1751
BP0023	NZ_CP010251.1	99.89	951	1	0	1	951	278091	277141	0.0	1751
BP0023	NZ_CP010251.1	99.89	951	1	0	1	951	355869	354919	0.0	1751
BP0023	NZ_CP010251.1	99.89	951	1	0	1	951	391808	390858	0.0	1751
BP0023	NZ_CP010251.1	99.89	951	1	0	1	951	448366	447416	0.0	1751
BP0023	NZ_CP010251.1	99.89	951	1	0	1	951	449415	448465	0.0	1751
BP0023	NZ_CP010251.1	99.89	951	1	0	1	951	476122	475172	0.0	1751
BP0023	NZ_CP010251.1	99.89	951	1	0	1	951	620803	621753	0.0	1751
BP0023	NZ_CP010251.1	99.89	951	1	0	1	951	682177	683127	0.0	1751
BP0023	NZ_CP010251.1	99.89	951	1	0	1	951	736904	735954	0.0	1751
BP0023	NZ_CP010251.1	99.89	951	1	0	1	951	759252	758302	0.0	1751
BP0023	NZ_CP010251.1	99.89	951	1	0	1	951	934675	935625	0.0	1751
BP0023	NZ_CP010251.1	99.89	951	1	0	1	951	952837	953787	0.0	1751
BP0023	NZ_CP010251.1	99.89	951	1	0	1	951	976966	977916	0.0	1751
BP0023	NZ_CP010251.1	99.89	951	1	0	1	951	978015	978965	0.0	1751
BP0023	NZ_CP010251.1	99.89	951	1	0	1	951	999321	998371	0.0	1751
BP0023	NZ_CP010251.1	99.89	951	1	0	1	951	1047336	1048286	0.0	1751
BP0023	NZ_CP010251.1	99.89	951	1	0	1	951	1117886	1116936	0.0	1751
BP0023	NZ_CP010251.1	99.89	951	1	0	1	951	1177272	1176322	0.0	1751
BP0023	NZ_CP010251.1	99.89	951	1	0	1	951	1237215	1238165	0.0	1751
BP0023	NZ_CP010251.1	99.89	951	1	0	1	951	1353269	1352319	0.0	1751
BP0023	NZ_CP010251.1	99.89	951	1	0	1	951	1447884	1446934	0.0	1751
BP0023	NZ_CP010251.1	99.89	951	1	0	1	951	1547458	1548408	0.0	1751
BP0023	NZ_CP010251.1	99.89	951	1	0	1	951	1569880	1570830	0.0	1751
BP0023	NZ_CP010251.1	99.89	951	1	0	1	951	1598876	1599826	0.0	1751
BP0023	NZ_CP010251.1	99.89	951	1	0	1	951	1618107	1617157	0.0	1751
BP0023	NZ_CP010251.1	99.89	951	1	0	1	951	1665204	1664254	0.0	1751
BP0023	NZ_CP010251.1	99.89	951	1	0	1	951	1726184	1725234	0.0	1751
BP0023	NZ_CP010251.1	99.89	951	1	0	1	951	1961079	1960129	0.0	1751
BP0023	NZ_CP010251.1	99.89	951	1	0	1	951	2090537	2091487	0.0	1751
BP0023	NZ_CP010251.1	99.89	951	1	0	1	951	2113131	2112181	0.0	1751
BP0023	NZ_CP010251.1	99.89	951	1	0	1	951	2120052	2119102	0.0	1751
BP0023	NZ_CP010251.1	99.89	951	1	0	1	951	2199632	2198682	0.0	1751
BP0023	NZ_CP010251.1	99.89	951	1	0	1	951	2253917	2252967	0.0	1751
BP0023	NZ_CP010251.1	99.89	951	1	0	1	951	2278682	2277732	0.0	1751
BP0023	NZ_CP010251.1	99.89	951	1	0	1	951	2280780	2279830	0.0	1751
BP0023	NZ_CP010251.1	99.89	951	1	0	1	951	2360660	2359710	0.0	1751
BP0023	NZ_CP010251.1	99.89	951	1	0	1	951	2561975	2561025	0.0	1751
BP0023	NZ_CP010251.1	99.89	951	1	0	1	951	2687971	2687021	0.0	1751
BP0023	NZ_CP010251.1	99.89	951	1	0	1	951	2838812	2837862	0.0	1751
BP0023	NZ_CP010251.1	99.89	951	1	0	1	951	2910878	2909928	0.0	1751
BP0023	NZ_CP010251.1	99.89	951	1	0	1	951	2920525	2921475	0.0	1751
BP0023	NZ_CP010251.1	99.89	951	1	0	1	951	2957315	2956365	0.0	1751
BP0023	NZ_CP010251.1	99.89	951	1	0	1	951	2969261	2968311	0.0	1751
BP0023	NZ_CP010251.1	99.89	951	1	0	1	951	3048402	3049352	0.0	1751
BP0023	NZ_CP010251.1	99.89	951	1	0	1	951	3091615	3090665	0.0	1751
BP0023	NZ_CP010251.1	99.89	951	1	0	1	951	3130919	3131869	0.0	1751
BP0023	NZ_CP010251.1	99.89	951	1	0	1	951	3150500	3151450	0.0	1751
BP0023	NZ_CP010251.1	99.89	951	1	0	1	951	3235967	3236917	0.0	1751
BP0023	NZ_CP010251.1	99.89	951	1	0	1	951	3293112	3292162	0.0	1751
BP0023	NZ_CP010251.1	99.89	951	1	0	1	951	3313869	3314819	0.0	1751
BP0023	NZ_CP010251.1	99.89	951	1	0	1	951	3492908	3491958	0.0	1751
BP0023	NZ_CP010251.1	99.89	951	1	0	1	951	3572307	3573257	0.0	1751
BP0023	NZ_CP010251.1	99.89	951	1	0	1	951	3587054	3586104	0.0	1751
BP0023	NZ_CP010251.1	99.89	951	1	0	1	951	3660436	3661386	0.0	1751
BP0023	NZ_CP010251.1	99.89	951	1	0	1	951	3754487	3755437	0.0	1751
BP0023	NZ_CP010251.1	99.89	951	1	0	1	951	3786223	3787173	0.0	1751
BP0023	NZ_CP010251.1	99.89	951	1	0	1	951	3790209	3789259	0.0	1751
BP0023	NZ_CP010251.1	99.89	951	1	0	1	951	3825884	3826834	0.0	1751
BP0023	NZ_CP010251.1	99.89	951	1	0	1	951	3955404	3956354	0.0	1751
BP0023	NZ_CP010251.1	99.89	950	1	0	1	950	421149	422098	0.0	1749
BP0023	NZ_CP010251.1	99.89	950	1	0	1	950	678341	679290	0.0	1749
BP0023	NZ_CP010251.1	99.89	950	1	0	1	950	777516	778465	0.0	1749
BP0023	NZ_CP010251.1	99.89	950	1	0	1	950	1153238	1154187	0.0	1749
BP0023	NZ_CP010251.1	99.89	950	1	0	1	950	1900368	1901317	0.0	1749
BP0023	NZ_CP010251.1	99.89	950	1	0	1	950	2536232	2537181	0.0	1749
BP0023	NZ_CP010251.1	99.89	950	1	0	1	950	3305642	3304693	0.0	1749
BP0023	NZ_CP010251.1	99.79	951	2	0	1	951	28233	27283	0.0	1746
BP0023	NZ_CP010251.1	99.79	951	2	0	1	951	50142	51092	0.0	1746
BP0023	NZ_CP010251.1	99.79	951	2	0	1	951	108378	107428	0.0	1746
BP0023	NZ_CP010251.1	99.79	951	2	0	1	951	165844	164894	0.0	1746
BP0023	NZ_CP010251.1	99.79	951	2	0	1	951	174302	175252	0.0	1746
BP0023	NZ_CP010251.1	99.79	951	2	0	1	951	194406	195356	0.0	1746
BP0023	NZ_CP010251.1	99.79	951	2	0	1	951	225404	224454	0.0	1746
BP0023	NZ_CP010251.1	99.79	951	2	0	1	951	265574	266524	0.0	1746
BP0023	NZ_CP010251.1	99.79	951	2	0	1	951	286924	285974	0.0	1746
BP0023	NZ_CP010251.1	99.79	951	2	0	1	951	301503	300553	0.0	1746
BP0023	NZ_CP010251.1	99.79	951	2	0	1	951	302071	303021	0.0	1746
BP0023	NZ_CP010251.1	99.79	951	2	0	1	951	330385	331335	0.0	1746
BP0023	NZ_CP010251.1	99.79	951	2	0	1	951	366255	365305	0.0	1746
BP0023	NZ_CP010251.1	99.79	951	2	0	1	951	465904	466854	0.0	1746
BP0023	NZ_CP010251.1	99.79	951	2	0	1	951	523356	522406	0.0	1746
BP0023	NZ_CP010251.1	99.79	951	2	0	1	951	564888	563938	0.0	1746
BP0023	NZ_CP010251.1	99.79	951	2	0	1	951	590421	591371	0.0	1746
BP0023	NZ_CP010251.1	99.79	951	2	0	1	951	637742	636792	0.0	1746
BP0023	NZ_CP010251.1	99.79	951	2	0	1	951	690373	689423	0.0	1746
BP0023	NZ_CP010251.1	99.79	951	2	0	1	951	720316	721266	0.0	1746
BP0023	NZ_CP010251.1	99.79	951	2	0	1	951	749142	748192	0.0	1746
BP0023	NZ_CP010251.1	99.79	951	2	0	1	951	752351	753301	0.0	1746
BP0023	NZ_CP010251.1	99.79	951	2	0	1	951	762272	763222	0.0	1746
BP0023	NZ_CP010251.1	99.79	951	2	0	1	951	815766	814816	0.0	1746
BP0023	NZ_CP010251.1	99.79	951	2	0	1	951	854101	855051	0.0	1746
BP0023	NZ_CP010251.1	99.79	951	2	0	1	951	862788	861838	0.0	1746
BP0023	NZ_CP010251.1	99.79	951	2	0	1	951	902414	903364	0.0	1746
BP0023	NZ_CP010251.1	99.79	951	2	0	1	951	912977	913927	0.0	1746
BP0023	NZ_CP010251.1	99.79	951	2	0	1	951	938379	939329	0.0	1746
BP0023	NZ_CP010251.1	99.79	951	2	0	1	951	1112203	1113153	0.0	1746
BP0023	NZ_CP010251.1	99.79	951	2	0	1	951	1125569	1126519	0.0	1746
BP0023	NZ_CP010251.1	99.79	951	2	0	1	951	1158536	1157586	0.0	1746
BP0023	NZ_CP010251.1	99.79	951	2	0	1	951	1196982	1197932	0.0	1746
BP0023	NZ_CP010251.1	99.79	951	2	0	1	951	1216820	1217770	0.0	1746
BP0023	NZ_CP010251.1	99.79	951	2	0	1	951	1318906	1317956	0.0	1746
BP0023	NZ_CP010251.1	99.79	951	2	0	1	951	1381385	1382335	0.0	1746
BP0023	NZ_CP010251.1	99.79	951	2	0	1	951	1413396	1412446	0.0	1746
BP0023	NZ_CP010251.1	99.79	951	2	0	1	951	1513695	1514645	0.0	1746
BP0023	NZ_CP010251.1	99.79	951	2	0	1	951	1552243	1553193	0.0	1746
BP0023	NZ_CP010251.1	99.79	951	2	0	1	951	1555269	1554319	0.0	1746
BP0023	NZ_CP010251.1	99.79	951	2	0	1	951	1613139	1614089	0.0	1746
BP0023	NZ_CP010251.1	99.79	951	2	0	1	951	1633727	1634677	0.0	1746
BP0023	NZ_CP010251.1	99.79	951	2	0	1	951	1655031	1655981	0.0	1746
BP0023	NZ_CP010251.1	99.79	951	2	0	1	951	1701154	1702104	0.0	1746
BP0023	NZ_CP010251.1	99.79	951	2	0	1	951	1705432	1704482	0.0	1746
BP0023	NZ_CP010251.1	99.79	951	2	0	1	951	1764041	1764991	0.0	1746
BP0023	NZ_CP010251.1	99.79	951	2	0	1	951	1786776	1785826	0.0	1746
BP0023	NZ_CP010251.1	99.79	951	2	0	1	951	1808323	1807373	0.0	1746
BP0023	NZ_CP010251.1	99.79	951	2	0	1	951	1970575	1969625	0.0	1746
BP0023	NZ_CP010251.1	99.79	951	2	0	1	951	2002515	2003465	0.0	1746
BP0023	NZ_CP010251.1	99.79	951	2	0	1	951	2057038	2057988	0.0	1746
BP0023	NZ_CP010251.1	99.79	951	2	0	1	951	2058210	2059160	0.0	1746
BP0023	NZ_CP010251.1	99.79	951	2	0	1	951	2071607	2070657	0.0	1746
BP0023	NZ_CP010251.1	99.79	951	2	0	1	951	2131257	2132207	0.0	1746
BP0023	NZ_CP010251.1	99.79	951	2	0	1	951	2161482	2162432	0.0	1746
BP0023	NZ_CP010251.1	99.79	951	2	0	1	951	2162531	2163481	0.0	1746
BP0023	NZ_CP010251.1	99.79	951	2	0	1	951	2215861	2214911	0.0	1746
BP0023	NZ_CP010251.1	99.79	951	2	0	1	951	2264230	2263280	0.0	1746
BP0023	NZ_CP010251.1	99.79	951	2	0	1	951	2279731	2278781	0.0	1746
BP0023	NZ_CP010251.1	99.79	951	2	0	1	951	2303668	2302718	0.0	1746
BP0023	NZ_CP010251.1	99.79	951	2	0	1	951	2311393	2312343	0.0	1746
BP0023	NZ_CP010251.1	99.79	951	2	0	1	951	2359611	2358661	0.0	1746
BP0023	NZ_CP010251.1	99.79	951	2	0	1	951	2387525	2386575	0.0	1746
BP0023	NZ_CP010251.1	99.79	951	2	0	1	951	2414084	2415034	0.0	1746
BP0023	NZ_CP010251.1	99.79	951	2	0	1	951	2600903	2599953	0.0	1746
BP0023	NZ_CP010251.1	99.79	951	2	0	1	951	2642082	2641132	0.0	1746
BP0023	NZ_CP010251.1	99.79	951	2	0	1	951	2698527	2697577	0.0	1746
BP0023	NZ_CP010251.1	99.79	951	2	0	1	951	2700586	2701536	0.0	1746
BP0023	NZ_CP010251.1	99.79	951	2	0	1	951	2705867	2704917	0.0	1746
BP0023	NZ_CP010251.1	99.79	951	2	0	1	951	2789263	2790213	0.0	1746
BP0023	NZ_CP010251.1	99.79	951	2	0	1	951	2813936	2812986	0.0	1746
BP0023	NZ_CP010251.1	99.79	951	2	0	1	951	2859168	2860118	0.0	1746
BP0023	NZ_CP010251.1	99.79	951	2	0	1	951	2860217	2861167	0.0	1746
BP0023	NZ_CP010251.1	99.79	951	2	0	1	951	2870143	2869193	0.0	1746
BP0023	NZ_CP010251.1	99.79	951	2	0	1	951	2992639	2991689	0.0	1746
BP0023	NZ_CP010251.1	99.79	951	2	0	1	951	2994603	2995553	0.0	1746
BP0023	NZ_CP010251.1	99.79	951	2	0	1	951	3000055	2999105	0.0	1746
BP0023	NZ_CP010251.1	99.79	951	2	0	1	951	3030692	3031642	0.0	1746
BP0023	NZ_CP010251.1	99.79	951	2	0	1	951	3122639	3123589	0.0	1746
BP0023	NZ_CP010251.1	99.79	951	2	0	1	951	3184473	3185423	0.0	1746
BP0023	NZ_CP010251.1	99.79	951	2	0	1	951	3233568	3234518	0.0	1746
BP0023	NZ_CP010251.1	99.79	951	2	0	1	951	3237016	3237966	0.0	1746
BP0023	NZ_CP010251.1	99.79	951	2	0	1	951	3244453	3243503	0.0	1746
BP0023	NZ_CP010251.1	99.79	951	2	0	1	951	3245502	3244552	0.0	1746
BP0023	NZ_CP010251.1	99.79	951	2	0	1	951	3268504	3269454	0.0	1746
BP0023	NZ_CP010251.1	99.79	951	2	0	1	951	3281284	3282234	0.0	1746
BP0023	NZ_CP010251.1	99.79	951	2	0	1	951	3300354	3301304	0.0	1746
BP0023	NZ_CP010251.1	99.79	951	2	0	1	951	3401862	3400912	0.0	1746
BP0023	NZ_CP010251.1	99.79	951	2	0	1	951	3424846	3425796	0.0	1746
BP0023	NZ_CP010251.1	99.79	951	2	0	1	951	3434790	3433840	0.0	1746
BP0023	NZ_CP010251.1	99.79	951	2	0	1	951	3478526	3477576	0.0	1746
BP0023	NZ_CP010251.1	99.79	951	2	0	1	951	3515185	3516135	0.0	1746
BP0023	NZ_CP010251.1	99.79	951	2	0	1	951	3533254	3534204	0.0	1746
BP0023	NZ_CP010251.1	99.79	951	2	0	1	951	3558918	3557968	0.0	1746
BP0023	NZ_CP010251.1	99.79	951	2	0	1	951	3625233	3624283	0.0	1746
BP0023	NZ_CP010251.1	99.79	951	2	0	1	951	3719620	3720570	0.0	1746
BP0023	NZ_CP010251.1	99.79	951	2	0	1	951	3730904	3729954	0.0	1746
BP0023	NZ_CP010251.1	99.79	951	2	0	1	951	3733367	3734317	0.0	1746
BP0023	NZ_CP010251.1	99.79	951	2	0	1	951	3769418	3770368	0.0	1746
BP0023	NZ_CP010251.1	99.79	951	2	0	1	951	3826933	3827883	0.0	1746
BP0023	NZ_CP010251.1	99.79	951	2	0	1	951	3927346	3926396	0.0	1746
BP0023	NZ_CP010251.1	99.79	951	2	0	1	951	4082004	4081054	0.0	1746
BP0023	NZ_CP010251.1	99.79	950	2	0	1	950	2966075	2967024	0.0	1744
BP0023	NZ_CP010251.1	99.79	950	2	0	1	950	2979037	2979986	0.0	1744
BP0023	NZ_CP010251.1	99.79	950	2	0	1	950	3025254	3024305	0.0	1744
BP0023	NZ_CP010251.1	99.79	950	2	0	1	950	3480284	3481233	0.0	1744
BP0023	NZ_CP010251.1	99.79	950	2	0	1	950	3546309	3547258	0.0	1744
BP0023	NZ_CP010251.1	99.79	950	2	0	1	950	3918805	3917856	0.0	1744
BP0023	NZ_CP010251.1	99.89	946	1	0	1	946	401158	402103	0.0	1742
BP0023	NZ_CP010251.1	99.89	946	1	0	1	946	3706431	3707376	0.0	1742
BP0023	NZ_CP010251.1	99.68	951	3	0	1	951	34626	35576	0.0	1740
BP0023	NZ_CP010251.1	99.68	951	3	0	1	951	43664	44614	0.0	1740
BP0023	NZ_CP010251.1	99.68	951	3	0	1	951	58448	57498	0.0	1740
BP0023	NZ_CP010251.1	99.68	951	3	0	1	951	69086	70036	0.0	1740
BP0023	NZ_CP010251.1	99.68	951	3	0	1	951	205636	206586	0.0	1740
BP0023	NZ_CP010251.1	99.68	951	3	0	1	951	236271	235321	0.0	1740
BP0023	NZ_CP010251.1	99.68	951	3	0	1	951	552563	553513	0.0	1740
BP0023	NZ_CP010251.1	99.68	951	3	0	1	951	563839	562889	0.0	1740
BP0023	NZ_CP010251.1	99.68	951	3	0	1	951	821353	820403	0.0	1740
BP0023	NZ_CP010251.1	99.68	951	3	0	1	951	956593	957543	0.0	1740
BP0023	NZ_CP010251.1	99.68	951	3	0	1	951	1026384	1025434	0.0	1740
BP0023	NZ_CP010251.1	99.68	951	3	0	1	951	1096948	1095998	0.0	1740
BP0023	NZ_CP010251.1	99.68	951	3	0	1	951	1217869	1218819	0.0	1740
BP0023	NZ_CP010251.1	99.68	951	3	0	1	951	1262337	1263287	0.0	1740
BP0023	NZ_CP010251.1	99.68	951	3	0	1	951	1327545	1326595	0.0	1740
BP0023	NZ_CP010251.1	99.68	951	3	0	1	951	1336087	1337037	0.0	1740
BP0023	NZ_CP010251.1	99.68	951	3	0	1	951	1385492	1386442	0.0	1740
BP0023	NZ_CP010251.1	99.68	951	3	0	1	951	1493978	1494928	0.0	1740
BP0023	NZ_CP010251.1	99.68	951	3	0	1	951	1502421	1501471	0.0	1740
BP0023	NZ_CP010251.1	99.68	951	3	0	1	951	1710213	1709263	0.0	1740
BP0023	NZ_CP010251.1	99.68	951	3	0	1	951	1755794	1756744	0.0	1740
BP0023	NZ_CP010251.1	99.68	951	3	0	1	951	1778403	1779353	0.0	1740
BP0023	NZ_CP010251.1	99.68	951	3	0	1	951	1926244	1927194	0.0	1740
BP0023	NZ_CP010251.1	99.68	951	3	0	1	951	1995841	1996791	0.0	1740
BP0023	NZ_CP010251.1	99.68	951	3	0	1	951	2039198	2038248	0.0	1740
BP0023	NZ_CP010251.1	99.68	951	3	0	1	951	2200767	2201717	0.0	1740
BP0023	NZ_CP010251.1	99.68	951	3	0	1	951	2351457	2352407	0.0	1740
BP0023	NZ_CP010251.1	99.68	951	3	0	1	951	2461155	2462105	0.0	1740
BP0023	NZ_CP010251.1	99.68	951	3	0	1	951	2495416	2494466	0.0	1740
BP0023	NZ_CP010251.1	99.68	951	3	0	1	951	2522715	2523665	0.0	1740
BP0023	NZ_CP010251.1	99.68	951	3	0	1	951	2528670	2529620	0.0	1740
BP0023	NZ_CP010251.1	99.68	951	3	0	1	951	2606393	2607343	0.0	1740
BP0023	NZ_CP010251.1	99.68	951	3	0	1	951	2732751	2731801	0.0	1740
BP0023	NZ_CP010251.1	99.68	951	3	0	1	951	2754787	2753837	0.0	1740
BP0023	NZ_CP010251.1	99.68	951	3	0	1	951	2805716	2806666	0.0	1740
BP0023	NZ_CP010251.1	99.68	951	3	0	1	951	2885570	2884620	0.0	1740
BP0023	NZ_CP010251.1	99.68	951	3	0	1	951	2925978	2925028	0.0	1740
BP0023	NZ_CP010251.1	99.68	951	3	0	1	951	2949221	2948271	0.0	1740
BP0023	NZ_CP010251.1	99.68	951	3	0	1	951	2987206	2986256	0.0	1740
BP0023	NZ_CP010251.1	99.68	951	3	0	1	951	3319146	3318196	0.0	1740
BP0023	NZ_CP010251.1	99.68	951	3	0	1	951	3381050	3382000	0.0	1740
BP0023	NZ_CP010251.1	99.68	951	3	0	1	951	3535594	3536544	0.0	1740
BP0023	NZ_CP010251.1	99.68	951	3	0	1	951	3586005	3585055	0.0	1740
BP0023	NZ_CP010251.1	99.68	951	3	0	1	951	3844810	3843860	0.0	1740
BP0023	NZ_CP010251.1	99.68	951	2	1	1	951	1850442	1851391	0.0	1738
BP0023	NZ_CP010251.1	99.68	950	3	0	1	950	3756597	3757546	0.0	1738
BP0023	NZ_CP010251.1	99.79	946	2	0	1	946	3500246	3499301	0.0	1736
BP0023	NZ_CP010251.1	99.58	951	4	0	1	951	650595	649645	0.0	1735
BP0023	NZ_CP010251.1	99.58	951	4	0	1	951	667121	666171	0.0	1735
BP0023	NZ_CP010251.1	99.58	951	4	0	1	951	1491115	1490165	0.0	1735
BP0023	NZ_CP010251.1	99.58	951	4	0	1	951	1747926	1746976	0.0	1735
BP0023	NZ_CP010251.1	99.58	951	4	0	1	951	1864504	1865454	0.0	1735
BP0023	NZ_CP010251.1	99.58	951	4	0	1	951	1994792	1995742	0.0	1735
BP0023	NZ_CP010251.1	99.58	951	4	0	1	951	2112082	2111132	0.0	1735
BP0023	NZ_CP010251.1	99.58	951	4	0	1	951	2696936	2695986	0.0	1735
BP0023	NZ_CP010251.1	99.58	951	4	0	1	951	2727689	2726739	0.0	1735
BP0023	NZ_CP010251.1	99.58	951	4	0	1	951	3417760	3416810	0.0	1735
BP0023	NZ_CP010251.1	99.47	951	5	0	1	951	4030572	4029622	0.0	1729
BP0023	NZ_CP010251.1	99.37	951	6	0	1	951	3010595	3009645	0.0	1724
BP0023	NZ_CP010251.1	99.89	935	1	0	1	935	2072646	2071712	0.0	1722
