BP2673	NZ_CP011766.1	100.00	951	0	0	1	951	234374	235324	0.0	1757
BP2673	NZ_CP011766.1	100.00	951	0	0	1	951	1218034	1218984	0.0	1757
BP2673	NZ_CP011766.1	100.00	951	0	0	1	951	4036350	4037300	0.0	1757
BP2673	NZ_CP011766.1	99.89	951	1	0	1	951	3537854	3538804	0.0	1751
BP2673	NZ_CP011766.1	99.78	919	2	0	33	951	650873	651791	0.0	1687
BP2673	NZ_CP011766.1	100.00	835	0	0	33	867	78683	79517	0.0	1543
BP1388	NZ_CP011766.1	100.00	1017	0	0	1	1017	1000755	999739	0.0	1879
BP1388	NZ_CP011766.1	100.00	1017	0	0	1	1017	1787635	1786619	0.0	1879
BP1388	NZ_CP011766.1	100.00	1017	0	0	1	1017	2214013	2215029	0.0	1879
BP1388	NZ_CP011766.1	100.00	1017	0	0	1	1017	2586570	2585554	0.0	1879
BP1388	NZ_CP011766.1	100.00	1017	0	0	1	1017	3449295	3448279	0.0	1879
BP1388	NZ_CP011766.1	99.90	1017	1	0	1	1017	887008	885992	0.0	1873
BP1388	NZ_CP011766.1	99.90	1017	1	0	1	1017	1060647	1059631	0.0	1873
BP1388	NZ_CP011766.1	99.90	1017	1	0	1	1017	1070013	1068997	0.0	1873
BP1388	NZ_CP011766.1	99.90	1017	1	0	1	1017	2610681	2611697	0.0	1873
BP1388	NZ_CP011766.1	99.90	1017	1	0	1	1017	2860384	2859368	0.0	1873
BP1388	NZ_CP011766.1	99.80	1017	2	0	1	1017	1959862	1960878	0.0	1868
BP1388	NZ_CP011766.1	99.80	1017	2	0	1	1017	3467040	3468056	0.0	1868
BP1388	NZ_CP011766.1	99.80	1017	2	0	1	1017	3841649	3842665	0.0	1868
BP1388	NZ_CP011766.1	99.71	1017	3	0	1	1017	114945	115961	0.0	1862
BP1388	NZ_CP011766.1	99.71	1017	3	0	1	1017	1078635	1079651	0.0	1862
BP1388	NZ_CP011766.1	99.71	1017	3	0	1	1017	3433746	3434762	0.0	1862
BP0023	NZ_CP011766.1	100.00	951	0	0	1	951	28233	27283	0.0	1757
BP0023	NZ_CP011766.1	100.00	951	0	0	1	951	413337	412387	0.0	1757
BP0023	NZ_CP011766.1	100.00	951	0	0	1	951	430323	431273	0.0	1757
BP0023	NZ_CP011766.1	100.00	951	0	0	1	951	1437871	1436921	0.0	1757
BP0023	NZ_CP011766.1	100.00	951	0	0	1	951	1945705	1946655	0.0	1757
BP0023	NZ_CP011766.1	100.00	951	0	0	1	951	3708690	3709640	0.0	1757
BP0023	NZ_CP011766.1	100.00	950	0	0	1	950	1038251	1037302	0.0	1755
BP0023	NZ_CP011766.1	99.89	951	1	0	1	951	78585	77635	0.0	1751
BP0023	NZ_CP011766.1	99.89	951	1	0	1	951	108378	107428	0.0	1751
BP0023	NZ_CP011766.1	99.89	951	1	0	1	951	122073	121123	0.0	1751
BP0023	NZ_CP011766.1	99.89	951	1	0	1	951	136108	135158	0.0	1751
BP0023	NZ_CP011766.1	99.89	951	1	0	1	951	233337	234287	0.0	1751
BP0023	NZ_CP011766.1	99.89	951	1	0	1	951	265574	266524	0.0	1751
BP0023	NZ_CP011766.1	99.89	951	1	0	1	951	278091	277141	0.0	1751
BP0023	NZ_CP011766.1	99.89	951	1	0	1	951	391808	390858	0.0	1751
BP0023	NZ_CP011766.1	99.89	951	1	0	1	951	448366	447416	0.0	1751
BP0023	NZ_CP011766.1	99.89	951	1	0	1	951	449415	448465	0.0	1751
BP0023	NZ_CP011766.1	99.89	951	1	0	1	951	477171	476221	0.0	1751
BP0023	NZ_CP011766.1	99.89	951	1	0	1	951	620983	621933	0.0	1751
BP0023	NZ_CP011766.1	99.89	951	1	0	1	951	682357	683307	0.0	1751
BP0023	NZ_CP011766.1	99.89	951	1	0	1	951	737084	736134	0.0	1751
BP0023	NZ_CP011766.1	99.89	951	1	0	1	951	759432	758482	0.0	1751
BP0023	NZ_CP011766.1	99.89	951	1	0	1	951	934855	935805	0.0	1751
BP0023	NZ_CP011766.1	99.89	951	1	0	1	951	953017	953967	0.0	1751
BP0023	NZ_CP011766.1	99.89	951	1	0	1	951	977146	978096	0.0	1751
BP0023	NZ_CP011766.1	99.89	951	1	0	1	951	998447	997497	0.0	1751
BP0023	NZ_CP011766.1	99.89	951	1	0	1	951	1046462	1047412	0.0	1751
BP0023	NZ_CP011766.1	99.89	951	1	0	1	951	1118061	1117111	0.0	1751
BP0023	NZ_CP011766.1	99.89	951	1	0	1	951	1177449	1176499	0.0	1751
BP0023	NZ_CP011766.1	99.89	951	1	0	1	951	1438920	1437970	0.0	1751
BP0023	NZ_CP011766.1	99.89	951	1	0	1	951	1464720	1465670	0.0	1751
BP0023	NZ_CP011766.1	99.89	951	1	0	1	951	1470554	1471504	0.0	1751
BP0023	NZ_CP011766.1	99.89	951	1	0	1	951	1488191	1489141	0.0	1751
BP0023	NZ_CP011766.1	99.89	951	1	0	1	951	1517187	1518137	0.0	1751
BP0023	NZ_CP011766.1	99.89	951	1	0	1	951	1536418	1535468	0.0	1751
BP0023	NZ_CP011766.1	99.89	951	1	0	1	951	1583515	1582565	0.0	1751
BP0023	NZ_CP011766.1	99.89	951	1	0	1	951	1644495	1643545	0.0	1751
BP0023	NZ_CP011766.1	99.89	951	1	0	1	951	1834908	1835858	0.0	1751
BP0023	NZ_CP011766.1	99.89	951	1	0	1	951	1915537	1916487	0.0	1751
BP0023	NZ_CP011766.1	99.89	951	1	0	1	951	1922458	1923408	0.0	1751
BP0023	NZ_CP011766.1	99.89	951	1	0	1	951	1945052	1944102	0.0	1751
BP0023	NZ_CP011766.1	99.89	951	1	0	1	951	2074510	2075460	0.0	1751
BP0023	NZ_CP011766.1	99.89	951	1	0	1	951	2173277	2172327	0.0	1751
BP0023	NZ_CP011766.1	99.89	951	1	0	1	951	2198042	2197092	0.0	1751
BP0023	NZ_CP011766.1	99.89	951	1	0	1	951	2229704	2230654	0.0	1751
BP0023	NZ_CP011766.1	99.89	951	1	0	1	951	2480286	2479336	0.0	1751
BP0023	NZ_CP011766.1	99.89	951	1	0	1	951	2526372	2527322	0.0	1751
BP0023	NZ_CP011766.1	99.89	951	1	0	1	951	2579857	2580807	0.0	1751
BP0023	NZ_CP011766.1	99.89	951	1	0	1	951	2674472	2675422	0.0	1751
BP0023	NZ_CP011766.1	99.89	951	1	0	1	951	2675521	2676471	0.0	1751
BP0023	NZ_CP011766.1	99.89	951	1	0	1	951	2792615	2791665	0.0	1751
BP0023	NZ_CP011766.1	99.89	951	1	0	1	951	2843172	2842222	0.0	1751
BP0023	NZ_CP011766.1	99.89	951	1	0	1	951	2915238	2914288	0.0	1751
BP0023	NZ_CP011766.1	99.89	951	1	0	1	951	2924885	2925835	0.0	1751
BP0023	NZ_CP011766.1	99.89	951	1	0	1	951	2961675	2960725	0.0	1751
BP0023	NZ_CP011766.1	99.89	951	1	0	1	951	2973621	2972671	0.0	1751
BP0023	NZ_CP011766.1	99.89	951	1	0	1	951	2998963	2999913	0.0	1751
BP0023	NZ_CP011766.1	99.89	951	1	0	1	951	3052762	3053712	0.0	1751
BP0023	NZ_CP011766.1	99.89	951	1	0	1	951	3095975	3095025	0.0	1751
BP0023	NZ_CP011766.1	99.89	951	1	0	1	951	3135280	3136230	0.0	1751
BP0023	NZ_CP011766.1	99.89	951	1	0	1	951	3154861	3155811	0.0	1751
BP0023	NZ_CP011766.1	99.89	951	1	0	1	951	3296424	3295474	0.0	1751
BP0023	NZ_CP011766.1	99.89	951	1	0	1	951	3317181	3318131	0.0	1751
BP0023	NZ_CP011766.1	99.89	951	1	0	1	951	3481838	3480888	0.0	1751
BP0023	NZ_CP011766.1	99.89	951	1	0	1	951	3496217	3495267	0.0	1751
BP0023	NZ_CP011766.1	99.89	951	1	0	1	951	3575616	3576566	0.0	1751
BP0023	NZ_CP011766.1	99.89	951	1	0	1	951	3589314	3588364	0.0	1751
BP0023	NZ_CP011766.1	99.89	951	1	0	1	951	3590363	3589413	0.0	1751
BP0023	NZ_CP011766.1	99.89	951	1	0	1	951	3663745	3664695	0.0	1751
BP0023	NZ_CP011766.1	99.89	951	1	0	1	951	3757796	3758746	0.0	1751
BP0023	NZ_CP011766.1	99.89	951	1	0	1	951	3789532	3790482	0.0	1751
BP0023	NZ_CP011766.1	99.89	951	1	0	1	951	3793518	3792568	0.0	1751
BP0023	NZ_CP011766.1	99.89	951	1	0	1	951	3957664	3958614	0.0	1751
BP0023	NZ_CP011766.1	99.89	951	1	0	1	951	4037399	4038349	0.0	1751
BP0023	NZ_CP011766.1	99.89	951	1	0	1	951	4038448	4039398	0.0	1751
BP0023	NZ_CP011766.1	99.89	951	1	0	1	951	4072740	4073690	0.0	1751
BP0023	NZ_CP011766.1	99.89	950	1	0	1	950	421149	422098	0.0	1749
BP0023	NZ_CP011766.1	99.89	950	1	0	1	950	678521	679470	0.0	1749
BP0023	NZ_CP011766.1	99.89	950	1	0	1	950	777696	778645	0.0	1749
BP0023	NZ_CP011766.1	99.89	950	1	0	1	950	1153413	1154362	0.0	1749
BP0023	NZ_CP011766.1	99.89	950	1	0	1	950	2135221	2134272	0.0	1749
BP0023	NZ_CP011766.1	99.89	950	1	0	1	950	2454543	2455492	0.0	1749
BP0023	NZ_CP011766.1	99.89	950	1	0	1	950	3308954	3308005	0.0	1749
BP0023	NZ_CP011766.1	99.79	951	2	0	1	951	50142	51092	0.0	1746
BP0023	NZ_CP011766.1	99.79	951	2	0	1	951	58448	57498	0.0	1746
BP0023	NZ_CP011766.1	99.79	951	2	0	1	951	165844	164894	0.0	1746
BP0023	NZ_CP011766.1	99.79	951	2	0	1	951	174302	175252	0.0	1746
BP0023	NZ_CP011766.1	99.79	951	2	0	1	951	194406	195356	0.0	1746
BP0023	NZ_CP011766.1	99.79	951	2	0	1	951	225404	224454	0.0	1746
BP0023	NZ_CP011766.1	99.79	951	2	0	1	951	286924	285974	0.0	1746
BP0023	NZ_CP011766.1	99.79	951	2	0	1	951	301503	300553	0.0	1746
BP0023	NZ_CP011766.1	99.79	951	2	0	1	951	302071	303021	0.0	1746
BP0023	NZ_CP011766.1	99.79	951	2	0	1	951	330385	331335	0.0	1746
BP0023	NZ_CP011766.1	99.79	951	2	0	1	951	355869	354919	0.0	1746
BP0023	NZ_CP011766.1	99.79	951	2	0	1	951	366255	365305	0.0	1746
BP0023	NZ_CP011766.1	99.79	951	2	0	1	951	465904	466854	0.0	1746
BP0023	NZ_CP011766.1	99.79	951	2	0	1	951	466953	467903	0.0	1746
BP0023	NZ_CP011766.1	99.79	951	2	0	1	951	524405	523455	0.0	1746
BP0023	NZ_CP011766.1	99.79	951	2	0	1	951	590601	591551	0.0	1746
BP0023	NZ_CP011766.1	99.79	951	2	0	1	951	637922	636972	0.0	1746
BP0023	NZ_CP011766.1	99.79	951	2	0	1	951	690553	689603	0.0	1746
BP0023	NZ_CP011766.1	99.79	951	2	0	1	951	720496	721446	0.0	1746
BP0023	NZ_CP011766.1	99.79	951	2	0	1	951	749322	748372	0.0	1746
BP0023	NZ_CP011766.1	99.79	951	2	0	1	951	752531	753481	0.0	1746
BP0023	NZ_CP011766.1	99.79	951	2	0	1	951	762452	763402	0.0	1746
BP0023	NZ_CP011766.1	99.79	951	2	0	1	951	854281	855231	0.0	1746
BP0023	NZ_CP011766.1	99.79	951	2	0	1	951	862968	862018	0.0	1746
BP0023	NZ_CP011766.1	99.79	951	2	0	1	951	902594	903544	0.0	1746
BP0023	NZ_CP011766.1	99.79	951	2	0	1	951	913157	914107	0.0	1746
BP0023	NZ_CP011766.1	99.79	951	2	0	1	951	938559	939509	0.0	1746
BP0023	NZ_CP011766.1	99.79	951	2	0	1	951	1081694	1082644	0.0	1746
BP0023	NZ_CP011766.1	99.79	951	2	0	1	951	1112378	1113328	0.0	1746
BP0023	NZ_CP011766.1	99.79	951	2	0	1	951	1125744	1126694	0.0	1746
BP0023	NZ_CP011766.1	99.79	951	2	0	1	951	1158711	1157761	0.0	1746
BP0023	NZ_CP011766.1	99.79	951	2	0	1	951	1197159	1198109	0.0	1746
BP0023	NZ_CP011766.1	99.79	951	2	0	1	951	1216997	1217947	0.0	1746
BP0023	NZ_CP011766.1	99.79	951	2	0	1	951	1236384	1235434	0.0	1746
BP0023	NZ_CP011766.1	99.79	951	2	0	1	951	1297957	1298907	0.0	1746
BP0023	NZ_CP011766.1	99.79	951	2	0	1	951	1319779	1320729	0.0	1746
BP0023	NZ_CP011766.1	99.79	951	2	0	1	951	1325060	1324110	0.0	1746
BP0023	NZ_CP011766.1	99.79	951	2	0	1	951	1327119	1328069	0.0	1746
BP0023	NZ_CP011766.1	99.79	951	2	0	1	951	1337675	1338625	0.0	1746
BP0023	NZ_CP011766.1	99.79	951	2	0	1	951	1383564	1384514	0.0	1746
BP0023	NZ_CP011766.1	99.79	951	2	0	1	951	1424743	1425693	0.0	1746
BP0023	NZ_CP011766.1	99.79	951	2	0	1	951	1469505	1470455	0.0	1746
BP0023	NZ_CP011766.1	99.79	951	2	0	1	951	1473580	1472630	0.0	1746
BP0023	NZ_CP011766.1	99.79	951	2	0	1	951	1531450	1532400	0.0	1746
BP0023	NZ_CP011766.1	99.79	951	2	0	1	951	1552038	1552988	0.0	1746
BP0023	NZ_CP011766.1	99.79	951	2	0	1	951	1573342	1574292	0.0	1746
BP0023	NZ_CP011766.1	99.79	951	2	0	1	951	1619465	1620415	0.0	1746
BP0023	NZ_CP011766.1	99.79	951	2	0	1	951	1623743	1622793	0.0	1746
BP0023	NZ_CP011766.1	99.79	951	2	0	1	951	1682352	1683302	0.0	1746
BP0023	NZ_CP011766.1	99.79	951	2	0	1	951	1705087	1704137	0.0	1746
BP0023	NZ_CP011766.1	99.79	951	2	0	1	951	1726634	1725684	0.0	1746
BP0023	NZ_CP011766.1	99.79	951	2	0	1	951	1818679	1819629	0.0	1746
BP0023	NZ_CP011766.1	99.79	951	2	0	1	951	1872009	1871059	0.0	1746
BP0023	NZ_CP011766.1	99.79	951	2	0	1	951	1873058	1872108	0.0	1746
BP0023	NZ_CP011766.1	99.79	951	2	0	1	951	1903283	1902333	0.0	1746
BP0023	NZ_CP011766.1	99.79	951	2	0	1	951	1904332	1903382	0.0	1746
BP0023	NZ_CP011766.1	99.79	951	2	0	1	951	1963982	1964932	0.0	1746
BP0023	NZ_CP011766.1	99.79	951	2	0	1	951	1977379	1976429	0.0	1746
BP0023	NZ_CP011766.1	99.79	951	2	0	1	951	1978551	1977601	0.0	1746
BP0023	NZ_CP011766.1	99.79	951	2	0	1	951	2033074	2032124	0.0	1746
BP0023	NZ_CP011766.1	99.79	951	2	0	1	951	2065014	2065964	0.0	1746
BP0023	NZ_CP011766.1	99.79	951	2	0	1	951	2183590	2182640	0.0	1746
BP0023	NZ_CP011766.1	99.79	951	2	0	1	951	2220930	2219980	0.0	1746
BP0023	NZ_CP011766.1	99.79	951	2	0	1	951	2221979	2221029	0.0	1746
BP0023	NZ_CP011766.1	99.79	951	2	0	1	951	2230753	2231703	0.0	1746
BP0023	NZ_CP011766.1	99.79	951	2	0	1	951	2278971	2278021	0.0	1746
BP0023	NZ_CP011766.1	99.79	951	2	0	1	951	2305836	2304886	0.0	1746
BP0023	NZ_CP011766.1	99.79	951	2	0	1	951	2332395	2333345	0.0	1746
BP0023	NZ_CP011766.1	99.79	951	2	0	1	951	2442075	2443025	0.0	1746
BP0023	NZ_CP011766.1	99.79	951	2	0	1	951	2514049	2513099	0.0	1746
BP0023	NZ_CP011766.1	99.79	951	2	0	1	951	2614345	2615295	0.0	1746
BP0023	NZ_CP011766.1	99.79	951	2	0	1	951	2646356	2645406	0.0	1746
BP0023	NZ_CP011766.1	99.79	951	2	0	1	951	2709884	2710834	0.0	1746
BP0023	NZ_CP011766.1	99.79	951	2	0	1	951	2710933	2711883	0.0	1746
BP0023	NZ_CP011766.1	99.79	951	2	0	1	951	2818296	2817346	0.0	1746
BP0023	NZ_CP011766.1	99.79	951	2	0	1	951	2863528	2864478	0.0	1746
BP0023	NZ_CP011766.1	99.79	951	2	0	1	951	2864577	2865527	0.0	1746
BP0023	NZ_CP011766.1	99.79	951	2	0	1	951	2874503	2873553	0.0	1746
BP0023	NZ_CP011766.1	99.79	951	2	0	1	951	2930338	2929388	0.0	1746
BP0023	NZ_CP011766.1	99.79	951	2	0	1	951	2996999	2996049	0.0	1746
BP0023	NZ_CP011766.1	99.79	951	2	0	1	951	3004415	3003465	0.0	1746
BP0023	NZ_CP011766.1	99.79	951	2	0	1	951	3035052	3036002	0.0	1746
BP0023	NZ_CP011766.1	99.79	951	2	0	1	951	3126999	3127949	0.0	1746
BP0023	NZ_CP011766.1	99.79	951	2	0	1	951	3188834	3189784	0.0	1746
BP0023	NZ_CP011766.1	99.79	951	2	0	1	951	3237929	3238879	0.0	1746
BP0023	NZ_CP011766.1	99.79	951	2	0	1	951	3240328	3241278	0.0	1746
BP0023	NZ_CP011766.1	99.79	951	2	0	1	951	3247765	3246815	0.0	1746
BP0023	NZ_CP011766.1	99.79	951	2	0	1	951	3248814	3247864	0.0	1746
BP0023	NZ_CP011766.1	99.79	951	2	0	1	951	3271816	3272766	0.0	1746
BP0023	NZ_CP011766.1	99.79	951	2	0	1	951	3284596	3285546	0.0	1746
BP0023	NZ_CP011766.1	99.79	951	2	0	1	951	3303666	3304616	0.0	1746
BP0023	NZ_CP011766.1	99.79	951	2	0	1	951	3384362	3385312	0.0	1746
BP0023	NZ_CP011766.1	99.79	951	2	0	1	951	3405174	3404224	0.0	1746
BP0023	NZ_CP011766.1	99.79	951	2	0	1	951	3428158	3429108	0.0	1746
BP0023	NZ_CP011766.1	99.79	951	2	0	1	951	3438102	3437152	0.0	1746
BP0023	NZ_CP011766.1	99.79	951	2	0	1	951	3518494	3519444	0.0	1746
BP0023	NZ_CP011766.1	99.79	951	2	0	1	951	3536563	3537513	0.0	1746
BP0023	NZ_CP011766.1	99.79	951	2	0	1	951	3562227	3561277	0.0	1746
BP0023	NZ_CP011766.1	99.79	951	2	0	1	951	3628542	3627592	0.0	1746
BP0023	NZ_CP011766.1	99.79	951	2	0	1	951	3722929	3723879	0.0	1746
BP0023	NZ_CP011766.1	99.79	951	2	0	1	951	3734213	3733263	0.0	1746
BP0023	NZ_CP011766.1	99.79	951	2	0	1	951	3736676	3737626	0.0	1746
BP0023	NZ_CP011766.1	99.79	951	2	0	1	951	3772727	3773677	0.0	1746
BP0023	NZ_CP011766.1	99.79	951	2	0	1	951	3829193	3830143	0.0	1746
BP0023	NZ_CP011766.1	99.79	951	2	0	1	951	3929606	3928656	0.0	1746
BP0023	NZ_CP011766.1	99.79	951	2	0	1	951	4085313	4084363	0.0	1746
BP0023	NZ_CP011766.1	99.79	950	2	0	1	950	2970435	2971384	0.0	1744
BP0023	NZ_CP011766.1	99.79	950	2	0	1	950	2983397	2984346	0.0	1744
BP0023	NZ_CP011766.1	99.79	950	2	0	1	950	3029614	3028665	0.0	1744
BP0023	NZ_CP011766.1	99.79	950	2	0	1	950	3483593	3484542	0.0	1744
BP0023	NZ_CP011766.1	99.79	950	2	0	1	950	3549618	3550567	0.0	1744
BP0023	NZ_CP011766.1	99.79	950	2	0	1	950	3921065	3920116	0.0	1744
BP0023	NZ_CP011766.1	99.89	946	1	0	1	946	401158	402103	0.0	1742
BP0023	NZ_CP011766.1	99.89	946	1	0	1	946	3709740	3710685	0.0	1742
BP0023	NZ_CP011766.1	99.68	951	3	0	1	951	34626	35576	0.0	1740
BP0023	NZ_CP011766.1	99.68	951	3	0	1	951	43664	44614	0.0	1740
BP0023	NZ_CP011766.1	99.68	951	3	0	1	951	69086	70036	0.0	1740
BP0023	NZ_CP011766.1	99.68	951	3	0	1	951	205636	206586	0.0	1740
BP0023	NZ_CP011766.1	99.68	951	3	0	1	951	236271	235321	0.0	1740
BP0023	NZ_CP011766.1	99.68	951	3	0	1	951	565068	564118	0.0	1740
BP0023	NZ_CP011766.1	99.68	951	3	0	1	951	815946	814996	0.0	1740
BP0023	NZ_CP011766.1	99.68	951	3	0	1	951	821533	820583	0.0	1740
BP0023	NZ_CP011766.1	99.68	951	3	0	1	951	956773	957723	0.0	1740
BP0023	NZ_CP011766.1	99.68	951	3	0	1	951	1025510	1024560	0.0	1740
BP0023	NZ_CP011766.1	99.68	951	3	0	1	951	1097123	1096173	0.0	1740
BP0023	NZ_CP011766.1	99.68	951	3	0	1	951	1219931	1218981	0.0	1740
BP0023	NZ_CP011766.1	99.68	951	3	0	1	951	1270859	1271809	0.0	1740
BP0023	NZ_CP011766.1	99.68	951	3	0	1	951	1292895	1293845	0.0	1740
BP0023	NZ_CP011766.1	99.68	951	3	0	1	951	1419253	1418303	0.0	1740
BP0023	NZ_CP011766.1	99.68	951	3	0	1	951	1628524	1627574	0.0	1740
BP0023	NZ_CP011766.1	99.68	951	3	0	1	951	1666237	1665287	0.0	1740
BP0023	NZ_CP011766.1	99.68	951	3	0	1	951	1674105	1675055	0.0	1740
BP0023	NZ_CP011766.1	99.68	951	3	0	1	951	1696714	1697664	0.0	1740
BP0023	NZ_CP011766.1	99.68	951	3	0	1	951	1833773	1832823	0.0	1740
BP0023	NZ_CP011766.1	99.68	951	3	0	1	951	1996391	1997341	0.0	1740
BP0023	NZ_CP011766.1	99.68	951	3	0	1	951	2039748	2038798	0.0	1740
BP0023	NZ_CP011766.1	99.68	951	3	0	1	951	2109345	2108395	0.0	1740
BP0023	NZ_CP011766.1	99.68	951	3	0	1	951	2270817	2271767	0.0	1740
BP0023	NZ_CP011766.1	99.68	951	3	0	1	951	2379466	2380416	0.0	1740
BP0023	NZ_CP011766.1	99.68	951	3	0	1	951	2413727	2412777	0.0	1740
BP0023	NZ_CP011766.1	99.68	951	3	0	1	951	2441026	2441976	0.0	1740
BP0023	NZ_CP011766.1	99.68	951	3	0	1	951	2525323	2526273	0.0	1740
BP0023	NZ_CP011766.1	99.68	951	3	0	1	951	2533766	2532816	0.0	1740
BP0023	NZ_CP011766.1	99.68	951	3	0	1	951	2642249	2641299	0.0	1740
BP0023	NZ_CP011766.1	99.68	951	3	0	1	951	2701245	2702195	0.0	1740
BP0023	NZ_CP011766.1	99.68	951	3	0	1	951	2767493	2766543	0.0	1740
BP0023	NZ_CP011766.1	99.68	951	3	0	1	951	2811961	2811011	0.0	1740
BP0023	NZ_CP011766.1	99.68	951	3	0	1	951	2889930	2888980	0.0	1740
BP0023	NZ_CP011766.1	99.68	951	3	0	1	951	2953581	2952631	0.0	1740
BP0023	NZ_CP011766.1	99.68	951	3	0	1	951	2991566	2990616	0.0	1740
BP0023	NZ_CP011766.1	99.68	951	3	0	1	951	3322458	3321508	0.0	1740
BP0023	NZ_CP011766.1	99.68	951	3	0	1	951	3538903	3539853	0.0	1740
BP0023	NZ_CP011766.1	99.68	951	3	0	1	951	3847070	3846120	0.0	1740
BP0023	NZ_CP011766.1	99.68	951	2	1	1	951	1768753	1769702	0.0	1738
BP0023	NZ_CP011766.1	99.68	950	3	0	1	950	3759906	3760855	0.0	1738
BP0023	NZ_CP011766.1	99.79	946	2	0	1	946	3503555	3502610	0.0	1736
BP0023	NZ_CP011766.1	99.58	951	4	0	1	951	650775	649825	0.0	1735
BP0023	NZ_CP011766.1	99.58	951	4	0	1	951	667301	666351	0.0	1735
BP0023	NZ_CP011766.1	99.58	951	4	0	1	951	1328710	1329660	0.0	1735
BP0023	NZ_CP011766.1	99.58	951	4	0	1	951	1782815	1783765	0.0	1735
BP0023	NZ_CP011766.1	99.58	951	4	0	1	951	1923507	1924457	0.0	1735
BP0023	NZ_CP011766.1	99.58	951	4	0	1	951	2040797	2039847	0.0	1735
BP0023	NZ_CP011766.1	99.58	951	4	0	1	951	2536629	2537579	0.0	1735
BP0023	NZ_CP011766.1	99.58	951	4	0	1	951	2692703	2691753	0.0	1735
BP0023	NZ_CP011766.1	99.58	951	4	0	1	951	3421072	3420122	0.0	1735
BP0023	NZ_CP011766.1	99.47	951	5	0	1	951	4032832	4031882	0.0	1729
BP0023	NZ_CP011766.1	99.37	951	6	0	1	951	3014955	3014005	0.0	1724
BP0023	NZ_CP011766.1	99.89	935	1	0	1	935	1962943	1963877	0.0	1722
BP0023	NZ_CP011766.1	99.86	733	1	0	219	951	554242	553510	0.0	1349
