BP2673	NZ_CP013866.1	100.00	951	0	0	1	951	234385	235335	0.0	1757
BP2673	NZ_CP013866.1	100.00	951	0	0	1	951	1216816	1217766	0.0	1757
BP2673	NZ_CP013866.1	100.00	951	0	0	1	951	4029882	4030832	0.0	1757
BP2673	NZ_CP013866.1	99.89	951	1	0	1	951	3531387	3532337	0.0	1751
BP2673	NZ_CP013866.1	99.78	919	2	0	33	951	649655	650573	0.0	1687
BP2673	NZ_CP013866.1	100.00	835	0	0	33	867	78683	79517	0.0	1543
BP1388	NZ_CP013866.1	100.00	1017	0	0	1	1017	999537	998521	0.0	1879
BP1388	NZ_CP013866.1	100.00	1017	0	0	1	1017	1726627	1725611	0.0	1879
BP1388	NZ_CP013866.1	100.00	1017	0	0	1	1017	2153005	2154021	0.0	1879
BP1388	NZ_CP013866.1	100.00	1017	0	0	1	1017	2581155	2580139	0.0	1879
BP1388	NZ_CP013866.1	100.00	1017	0	0	1	1017	3442828	3441812	0.0	1879
BP1388	NZ_CP013866.1	99.90	1017	1	0	1	1017	885790	884774	0.0	1873
BP1388	NZ_CP013866.1	99.90	1017	1	0	1	1017	1059429	1058413	0.0	1873
BP1388	NZ_CP013866.1	99.90	1017	1	0	1	1017	1068795	1067779	0.0	1873
BP1388	NZ_CP013866.1	99.90	1017	1	0	1	1017	1077417	1078433	0.0	1873
BP1388	NZ_CP013866.1	99.90	1017	1	0	1	1017	2605266	2606282	0.0	1873
BP1388	NZ_CP013866.1	99.90	1017	1	0	1	1017	2854969	2853953	0.0	1873
BP1388	NZ_CP013866.1	99.80	1017	2	0	1	1017	1980778	1979762	0.0	1868
BP1388	NZ_CP013866.1	99.80	1017	2	0	1	1017	3835181	3836197	0.0	1868
BP1388	NZ_CP013866.1	99.71	1017	3	0	1	1017	114945	115961	0.0	1862
BP1388	NZ_CP013866.1	99.71	1017	3	0	1	1017	3427279	3428295	0.0	1862
BP1388	NZ_CP013866.1	99.71	1017	3	0	1	1017	3460573	3461589	0.0	1862
BP0023	NZ_CP013866.1	100.00	951	0	0	1	951	28233	27283	0.0	1757
BP0023	NZ_CP013866.1	100.00	951	0	0	1	951	413348	412398	0.0	1757
BP0023	NZ_CP013866.1	100.00	951	0	0	1	951	430334	431284	0.0	1757
BP0023	NZ_CP013866.1	100.00	951	0	0	1	951	1436652	1435702	0.0	1757
BP0023	NZ_CP013866.1	100.00	951	0	0	1	951	1994935	1993985	0.0	1757
BP0023	NZ_CP013866.1	100.00	951	0	0	1	951	3702222	3703172	0.0	1757
BP0023	NZ_CP013866.1	100.00	950	0	0	1	950	1037033	1036084	0.0	1755
BP0023	NZ_CP013866.1	99.89	951	1	0	1	951	78585	77635	0.0	1751
BP0023	NZ_CP013866.1	99.89	951	1	0	1	951	108378	107428	0.0	1751
BP0023	NZ_CP013866.1	99.89	951	1	0	1	951	122073	121123	0.0	1751
BP0023	NZ_CP013866.1	99.89	951	1	0	1	951	136108	135158	0.0	1751
BP0023	NZ_CP013866.1	99.89	951	1	0	1	951	233348	234298	0.0	1751
BP0023	NZ_CP013866.1	99.89	951	1	0	1	951	265585	266535	0.0	1751
BP0023	NZ_CP013866.1	99.89	951	1	0	1	951	278102	277152	0.0	1751
BP0023	NZ_CP013866.1	99.89	951	1	0	1	951	391819	390869	0.0	1751
BP0023	NZ_CP013866.1	99.89	951	1	0	1	951	448377	447427	0.0	1751
BP0023	NZ_CP013866.1	99.89	951	1	0	1	951	449426	448476	0.0	1751
BP0023	NZ_CP013866.1	99.89	951	1	0	1	951	476133	475183	0.0	1751
BP0023	NZ_CP013866.1	99.89	951	1	0	1	951	619765	620715	0.0	1751
BP0023	NZ_CP013866.1	99.89	951	1	0	1	951	681139	682089	0.0	1751
BP0023	NZ_CP013866.1	99.89	951	1	0	1	951	758214	757264	0.0	1751
BP0023	NZ_CP013866.1	99.89	951	1	0	1	951	933637	934587	0.0	1751
BP0023	NZ_CP013866.1	99.89	951	1	0	1	951	937341	938291	0.0	1751
BP0023	NZ_CP013866.1	99.89	951	1	0	1	951	951799	952749	0.0	1751
BP0023	NZ_CP013866.1	99.89	951	1	0	1	951	975928	976878	0.0	1751
BP0023	NZ_CP013866.1	99.89	951	1	0	1	951	997229	996279	0.0	1751
BP0023	NZ_CP013866.1	99.89	951	1	0	1	951	1045244	1046194	0.0	1751
BP0023	NZ_CP013866.1	99.89	951	1	0	1	951	1116843	1115893	0.0	1751
BP0023	NZ_CP013866.1	99.89	951	1	0	1	951	1176231	1175281	0.0	1751
BP0023	NZ_CP013866.1	99.89	951	1	0	1	951	1437701	1436751	0.0	1751
BP0023	NZ_CP013866.1	99.89	951	1	0	1	951	1463501	1464451	0.0	1751
BP0023	NZ_CP013866.1	99.89	951	1	0	1	951	1742598	1743548	0.0	1751
BP0023	NZ_CP013866.1	99.89	951	1	0	1	951	1767363	1768313	0.0	1751
BP0023	NZ_CP013866.1	99.89	951	1	0	1	951	1866130	1865180	0.0	1751
BP0023	NZ_CP013866.1	99.89	951	1	0	1	951	1995588	1996538	0.0	1751
BP0023	NZ_CP013866.1	99.89	951	1	0	1	951	2018182	2017232	0.0	1751
BP0023	NZ_CP013866.1	99.89	951	1	0	1	951	2025103	2024153	0.0	1751
BP0023	NZ_CP013866.1	99.89	951	1	0	1	951	2105732	2104782	0.0	1751
BP0023	NZ_CP013866.1	99.89	951	1	0	1	951	2296145	2297095	0.0	1751
BP0023	NZ_CP013866.1	99.89	951	1	0	1	951	2357125	2358075	0.0	1751
BP0023	NZ_CP013866.1	99.89	951	1	0	1	951	2404221	2405171	0.0	1751
BP0023	NZ_CP013866.1	99.89	951	1	0	1	951	2423452	2422502	0.0	1751
BP0023	NZ_CP013866.1	99.89	951	1	0	1	951	2452448	2451498	0.0	1751
BP0023	NZ_CP013866.1	99.89	951	1	0	1	951	2474870	2473920	0.0	1751
BP0023	NZ_CP013866.1	99.89	951	1	0	1	951	2520956	2521906	0.0	1751
BP0023	NZ_CP013866.1	99.89	951	1	0	1	951	2574442	2575392	0.0	1751
BP0023	NZ_CP013866.1	99.89	951	1	0	1	951	2669057	2670007	0.0	1751
BP0023	NZ_CP013866.1	99.89	951	1	0	1	951	2670106	2671056	0.0	1751
BP0023	NZ_CP013866.1	99.89	951	1	0	1	951	2787200	2786250	0.0	1751
BP0023	NZ_CP013866.1	99.89	951	1	0	1	951	2837757	2836807	0.0	1751
BP0023	NZ_CP013866.1	99.89	951	1	0	1	951	2908772	2907822	0.0	1751
BP0023	NZ_CP013866.1	99.89	951	1	0	1	951	2918419	2919369	0.0	1751
BP0023	NZ_CP013866.1	99.89	951	1	0	1	951	2955209	2954259	0.0	1751
BP0023	NZ_CP013866.1	99.89	951	1	0	1	951	2967155	2966205	0.0	1751
BP0023	NZ_CP013866.1	99.89	951	1	0	1	951	2992497	2993447	0.0	1751
BP0023	NZ_CP013866.1	99.89	951	1	0	1	951	3046296	3047246	0.0	1751
BP0023	NZ_CP013866.1	99.89	951	1	0	1	951	3089509	3088559	0.0	1751
BP0023	NZ_CP013866.1	99.89	951	1	0	1	951	3148395	3149345	0.0	1751
BP0023	NZ_CP013866.1	99.89	951	1	0	1	951	3289957	3289007	0.0	1751
BP0023	NZ_CP013866.1	99.89	951	1	0	1	951	3310714	3311664	0.0	1751
BP0023	NZ_CP013866.1	99.89	951	1	0	1	951	3475371	3474421	0.0	1751
BP0023	NZ_CP013866.1	99.89	951	1	0	1	951	3489750	3488800	0.0	1751
BP0023	NZ_CP013866.1	99.89	951	1	0	1	951	3569149	3570099	0.0	1751
BP0023	NZ_CP013866.1	99.89	951	1	0	1	951	3582847	3581897	0.0	1751
BP0023	NZ_CP013866.1	99.89	951	1	0	1	951	3583896	3582946	0.0	1751
BP0023	NZ_CP013866.1	99.89	951	1	0	1	951	3657277	3658227	0.0	1751
BP0023	NZ_CP013866.1	99.89	951	1	0	1	951	3751328	3752278	0.0	1751
BP0023	NZ_CP013866.1	99.89	951	1	0	1	951	3783064	3784014	0.0	1751
BP0023	NZ_CP013866.1	99.89	951	1	0	1	951	3787050	3786100	0.0	1751
BP0023	NZ_CP013866.1	99.89	951	1	0	1	951	3951196	3952146	0.0	1751
BP0023	NZ_CP013866.1	99.89	951	1	0	1	951	4030931	4031881	0.0	1751
BP0023	NZ_CP013866.1	99.89	951	1	0	1	951	4031980	4032930	0.0	1751
BP0023	NZ_CP013866.1	99.89	951	1	0	1	951	4066272	4067222	0.0	1751
BP0023	NZ_CP013866.1	99.89	950	1	0	1	950	421160	422109	0.0	1749
BP0023	NZ_CP013866.1	99.89	950	1	0	1	950	677303	678252	0.0	1749
BP0023	NZ_CP013866.1	99.89	950	1	0	1	950	776478	777427	0.0	1749
BP0023	NZ_CP013866.1	99.89	950	1	0	1	950	1152195	1153144	0.0	1749
BP0023	NZ_CP013866.1	99.89	950	1	0	1	950	1489244	1488295	0.0	1749
BP0023	NZ_CP013866.1	99.89	950	1	0	1	950	1805419	1806368	0.0	1749
BP0023	NZ_CP013866.1	99.89	950	1	0	1	950	3302487	3301538	0.0	1749
BP0023	NZ_CP013866.1	99.89	950	1	0	1	950	3914597	3913648	0.0	1749
BP0023	NZ_CP013866.1	99.79	951	2	0	1	951	50142	51092	0.0	1746
BP0023	NZ_CP013866.1	99.79	951	2	0	1	951	58448	57498	0.0	1746
BP0023	NZ_CP013866.1	99.79	951	2	0	1	951	165845	164895	0.0	1746
BP0023	NZ_CP013866.1	99.79	951	2	0	1	951	174303	175253	0.0	1746
BP0023	NZ_CP013866.1	99.79	951	2	0	1	951	194419	195369	0.0	1746
BP0023	NZ_CP013866.1	99.79	951	2	0	1	951	225417	224467	0.0	1746
BP0023	NZ_CP013866.1	99.79	951	2	0	1	951	286935	285985	0.0	1746
BP0023	NZ_CP013866.1	99.79	951	2	0	1	951	301514	300564	0.0	1746
BP0023	NZ_CP013866.1	99.79	951	2	0	1	951	302082	303032	0.0	1746
BP0023	NZ_CP013866.1	99.79	951	2	0	1	951	330396	331346	0.0	1746
BP0023	NZ_CP013866.1	99.79	951	2	0	1	951	355880	354930	0.0	1746
BP0023	NZ_CP013866.1	99.79	951	2	0	1	951	366266	365316	0.0	1746
BP0023	NZ_CP013866.1	99.79	951	2	0	1	951	465915	466865	0.0	1746
BP0023	NZ_CP013866.1	99.79	951	2	0	1	951	523367	522417	0.0	1746
BP0023	NZ_CP013866.1	99.79	951	2	0	1	951	589383	590333	0.0	1746
BP0023	NZ_CP013866.1	99.79	951	2	0	1	951	636704	635754	0.0	1746
BP0023	NZ_CP013866.1	99.79	951	2	0	1	951	689335	688385	0.0	1746
BP0023	NZ_CP013866.1	99.79	951	2	0	1	951	719278	720228	0.0	1746
BP0023	NZ_CP013866.1	99.79	951	2	0	1	951	735866	734916	0.0	1746
BP0023	NZ_CP013866.1	99.79	951	2	0	1	951	748104	747154	0.0	1746
BP0023	NZ_CP013866.1	99.79	951	2	0	1	951	751313	752263	0.0	1746
BP0023	NZ_CP013866.1	99.79	951	2	0	1	951	761234	762184	0.0	1746
BP0023	NZ_CP013866.1	99.79	951	2	0	1	951	853063	854013	0.0	1746
BP0023	NZ_CP013866.1	99.79	951	2	0	1	951	861750	860800	0.0	1746
BP0023	NZ_CP013866.1	99.79	951	2	0	1	951	901376	902326	0.0	1746
BP0023	NZ_CP013866.1	99.79	951	2	0	1	951	911939	912889	0.0	1746
BP0023	NZ_CP013866.1	99.79	951	2	0	1	951	1080476	1081426	0.0	1746
BP0023	NZ_CP013866.1	99.79	951	2	0	1	951	1111160	1112110	0.0	1746
BP0023	NZ_CP013866.1	99.79	951	2	0	1	951	1124526	1125476	0.0	1746
BP0023	NZ_CP013866.1	99.79	951	2	0	1	951	1157493	1156543	0.0	1746
BP0023	NZ_CP013866.1	99.79	951	2	0	1	951	1195941	1196891	0.0	1746
BP0023	NZ_CP013866.1	99.79	951	2	0	1	951	1215779	1216729	0.0	1746
BP0023	NZ_CP013866.1	99.79	951	2	0	1	951	1235166	1234216	0.0	1746
BP0023	NZ_CP013866.1	99.79	951	2	0	1	951	1296740	1297690	0.0	1746
BP0023	NZ_CP013866.1	99.79	951	2	0	1	951	1318561	1319511	0.0	1746
BP0023	NZ_CP013866.1	99.79	951	2	0	1	951	1323842	1322892	0.0	1746
BP0023	NZ_CP013866.1	99.79	951	2	0	1	951	1325901	1326851	0.0	1746
BP0023	NZ_CP013866.1	99.79	951	2	0	1	951	1336457	1337407	0.0	1746
BP0023	NZ_CP013866.1	99.79	951	2	0	1	951	1382346	1383296	0.0	1746
BP0023	NZ_CP013866.1	99.79	951	2	0	1	951	1423525	1424475	0.0	1746
BP0023	NZ_CP013866.1	99.79	951	2	0	1	951	1610343	1609393	0.0	1746
BP0023	NZ_CP013866.1	99.79	951	2	0	1	951	1636902	1637852	0.0	1746
BP0023	NZ_CP013866.1	99.79	951	2	0	1	951	1663767	1664717	0.0	1746
BP0023	NZ_CP013866.1	99.79	951	2	0	1	951	1711985	1711035	0.0	1746
BP0023	NZ_CP013866.1	99.79	951	2	0	1	951	1719710	1720660	0.0	1746
BP0023	NZ_CP013866.1	99.79	951	2	0	1	951	1757050	1758000	0.0	1746
BP0023	NZ_CP013866.1	99.79	951	2	0	1	951	1875626	1874676	0.0	1746
BP0023	NZ_CP013866.1	99.79	951	2	0	1	951	1907566	1908516	0.0	1746
BP0023	NZ_CP013866.1	99.79	951	2	0	1	951	1962089	1963039	0.0	1746
BP0023	NZ_CP013866.1	99.79	951	2	0	1	951	1963261	1964211	0.0	1746
BP0023	NZ_CP013866.1	99.79	951	2	0	1	951	1976658	1975708	0.0	1746
BP0023	NZ_CP013866.1	99.79	951	2	0	1	951	2036308	2037258	0.0	1746
BP0023	NZ_CP013866.1	99.79	951	2	0	1	951	2037357	2038307	0.0	1746
BP0023	NZ_CP013866.1	99.79	951	2	0	1	951	2067582	2068532	0.0	1746
BP0023	NZ_CP013866.1	99.79	951	2	0	1	951	2068631	2069581	0.0	1746
BP0023	NZ_CP013866.1	99.79	951	2	0	1	951	2121961	2121011	0.0	1746
BP0023	NZ_CP013866.1	99.79	951	2	0	1	951	2214006	2214956	0.0	1746
BP0023	NZ_CP013866.1	99.79	951	2	0	1	951	2235553	2236503	0.0	1746
BP0023	NZ_CP013866.1	99.79	951	2	0	1	951	2258288	2257338	0.0	1746
BP0023	NZ_CP013866.1	99.79	951	2	0	1	951	2316897	2317847	0.0	1746
BP0023	NZ_CP013866.1	99.79	951	2	0	1	951	2321175	2320225	0.0	1746
BP0023	NZ_CP013866.1	99.79	951	2	0	1	951	2367298	2366348	0.0	1746
BP0023	NZ_CP013866.1	99.79	951	2	0	1	951	2388602	2387652	0.0	1746
BP0023	NZ_CP013866.1	99.79	951	2	0	1	951	2409189	2408239	0.0	1746
BP0023	NZ_CP013866.1	99.79	951	2	0	1	951	2467059	2468009	0.0	1746
BP0023	NZ_CP013866.1	99.79	951	2	0	1	951	2470085	2469135	0.0	1746
BP0023	NZ_CP013866.1	99.79	951	2	0	1	951	2508633	2507683	0.0	1746
BP0023	NZ_CP013866.1	99.79	951	2	0	1	951	2608930	2609880	0.0	1746
BP0023	NZ_CP013866.1	99.79	951	2	0	1	951	2640941	2639991	0.0	1746
BP0023	NZ_CP013866.1	99.79	951	2	0	1	951	2704469	2705419	0.0	1746
BP0023	NZ_CP013866.1	99.79	951	2	0	1	951	2705518	2706468	0.0	1746
BP0023	NZ_CP013866.1	99.79	951	2	0	1	951	2812881	2811931	0.0	1746
BP0023	NZ_CP013866.1	99.79	951	2	0	1	951	2858113	2859063	0.0	1746
BP0023	NZ_CP013866.1	99.79	951	2	0	1	951	2868039	2867089	0.0	1746
BP0023	NZ_CP013866.1	99.79	951	2	0	1	951	2923872	2922922	0.0	1746
BP0023	NZ_CP013866.1	99.79	951	2	0	1	951	2990533	2989583	0.0	1746
BP0023	NZ_CP013866.1	99.79	951	2	0	1	951	2997949	2996999	0.0	1746
BP0023	NZ_CP013866.1	99.79	951	2	0	1	951	3028586	3029536	0.0	1746
BP0023	NZ_CP013866.1	99.79	951	2	0	1	951	3120533	3121483	0.0	1746
BP0023	NZ_CP013866.1	99.79	951	2	0	1	951	3128814	3129764	0.0	1746
BP0023	NZ_CP013866.1	99.79	951	2	0	1	951	3182368	3183318	0.0	1746
BP0023	NZ_CP013866.1	99.79	951	2	0	1	951	3231462	3232412	0.0	1746
BP0023	NZ_CP013866.1	99.79	951	2	0	1	951	3233861	3234811	0.0	1746
BP0023	NZ_CP013866.1	99.79	951	2	0	1	951	3241298	3240348	0.0	1746
BP0023	NZ_CP013866.1	99.79	951	2	0	1	951	3242347	3241397	0.0	1746
BP0023	NZ_CP013866.1	99.79	951	2	0	1	951	3265349	3266299	0.0	1746
BP0023	NZ_CP013866.1	99.79	951	2	0	1	951	3278129	3279079	0.0	1746
BP0023	NZ_CP013866.1	99.79	951	2	0	1	951	3297199	3298149	0.0	1746
BP0023	NZ_CP013866.1	99.79	951	2	0	1	951	3377895	3378845	0.0	1746
BP0023	NZ_CP013866.1	99.79	951	2	0	1	951	3398707	3397757	0.0	1746
BP0023	NZ_CP013866.1	99.79	951	2	0	1	951	3421691	3422641	0.0	1746
BP0023	NZ_CP013866.1	99.79	951	2	0	1	951	3431635	3430685	0.0	1746
BP0023	NZ_CP013866.1	99.79	951	2	0	1	951	3512027	3512977	0.0	1746
BP0023	NZ_CP013866.1	99.79	951	2	0	1	951	3530096	3531046	0.0	1746
BP0023	NZ_CP013866.1	99.79	951	2	0	1	951	3555760	3554810	0.0	1746
BP0023	NZ_CP013866.1	99.79	951	2	0	1	951	3622075	3621125	0.0	1746
BP0023	NZ_CP013866.1	99.79	951	2	0	1	951	3716461	3717411	0.0	1746
BP0023	NZ_CP013866.1	99.79	951	2	0	1	951	3727745	3726795	0.0	1746
BP0023	NZ_CP013866.1	99.79	951	2	0	1	951	3766259	3767209	0.0	1746
BP0023	NZ_CP013866.1	99.79	951	2	0	1	951	3822725	3823675	0.0	1746
BP0023	NZ_CP013866.1	99.79	951	2	0	1	951	3923138	3922188	0.0	1746
BP0023	NZ_CP013866.1	99.79	951	2	0	1	951	4078845	4077895	0.0	1746
BP0023	NZ_CP013866.1	99.79	950	2	0	1	950	2963969	2964918	0.0	1744
BP0023	NZ_CP013866.1	99.79	950	2	0	1	950	2976931	2977880	0.0	1744
BP0023	NZ_CP013866.1	99.79	950	2	0	1	950	3023148	3022199	0.0	1744
BP0023	NZ_CP013866.1	99.79	950	2	0	1	950	3543151	3544100	0.0	1744
BP0023	NZ_CP013866.1	99.89	946	1	0	1	946	401169	402114	0.0	1742
BP0023	NZ_CP013866.1	99.89	946	1	0	1	946	3703272	3704217	0.0	1742
BP0023	NZ_CP013866.1	99.68	951	3	0	1	951	34626	35576	0.0	1740
BP0023	NZ_CP013866.1	99.68	951	3	0	1	951	43664	44614	0.0	1740
BP0023	NZ_CP013866.1	99.68	951	3	0	1	951	69086	70036	0.0	1740
BP0023	NZ_CP013866.1	99.68	951	3	0	1	951	205649	206599	0.0	1740
BP0023	NZ_CP013866.1	99.68	951	3	0	1	951	236282	235332	0.0	1740
BP0023	NZ_CP013866.1	99.68	951	3	0	1	951	552574	553524	0.0	1740
BP0023	NZ_CP013866.1	99.68	951	3	0	1	951	563850	562900	0.0	1740
BP0023	NZ_CP013866.1	99.68	951	3	0	1	951	814728	813778	0.0	1740
BP0023	NZ_CP013866.1	99.68	951	3	0	1	951	820315	819365	0.0	1740
BP0023	NZ_CP013866.1	99.68	951	3	0	1	951	955555	956505	0.0	1740
BP0023	NZ_CP013866.1	99.68	951	3	0	1	951	1024292	1023342	0.0	1740
BP0023	NZ_CP013866.1	99.68	951	3	0	1	951	1095905	1094955	0.0	1740
BP0023	NZ_CP013866.1	99.68	951	3	0	1	951	1218713	1217763	0.0	1740
BP0023	NZ_CP013866.1	99.68	951	3	0	1	951	1269642	1270592	0.0	1740
BP0023	NZ_CP013866.1	99.68	951	3	0	1	951	1291678	1292628	0.0	1740
BP0023	NZ_CP013866.1	99.68	951	3	0	1	951	1418035	1417085	0.0	1740
BP0023	NZ_CP013866.1	99.68	951	3	0	1	951	1501712	1500762	0.0	1740
BP0023	NZ_CP013866.1	99.68	951	3	0	1	951	1529011	1529961	0.0	1740
BP0023	NZ_CP013866.1	99.68	951	3	0	1	951	1563272	1562322	0.0	1740
BP0023	NZ_CP013866.1	99.68	951	3	0	1	951	1671921	1670971	0.0	1740
BP0023	NZ_CP013866.1	99.68	951	3	0	1	951	1831295	1832245	0.0	1740
BP0023	NZ_CP013866.1	99.68	951	3	0	1	951	1900892	1901842	0.0	1740
BP0023	NZ_CP013866.1	99.68	951	3	0	1	951	1944249	1943299	0.0	1740
BP0023	NZ_CP013866.1	99.68	951	3	0	1	951	2106867	2107817	0.0	1740
BP0023	NZ_CP013866.1	99.68	951	3	0	1	951	2243926	2242976	0.0	1740
BP0023	NZ_CP013866.1	99.68	951	3	0	1	951	2266535	2265585	0.0	1740
BP0023	NZ_CP013866.1	99.68	951	3	0	1	951	2274403	2275353	0.0	1740
BP0023	NZ_CP013866.1	99.68	951	3	0	1	951	2312116	2313066	0.0	1740
BP0023	NZ_CP013866.1	99.68	951	3	0	1	951	2519907	2520857	0.0	1740
BP0023	NZ_CP013866.1	99.68	951	3	0	1	951	2528350	2527400	0.0	1740
BP0023	NZ_CP013866.1	99.68	951	3	0	1	951	2636834	2635884	0.0	1740
BP0023	NZ_CP013866.1	99.68	951	3	0	1	951	2695830	2696780	0.0	1740
BP0023	NZ_CP013866.1	99.68	951	3	0	1	951	2762078	2761128	0.0	1740
BP0023	NZ_CP013866.1	99.68	951	3	0	1	951	2806546	2805596	0.0	1740
BP0023	NZ_CP013866.1	99.68	951	3	0	1	951	2883464	2882514	0.0	1740
BP0023	NZ_CP013866.1	99.68	951	3	0	1	951	2947115	2946165	0.0	1740
BP0023	NZ_CP013866.1	99.68	951	3	0	1	951	2985100	2984150	0.0	1740
BP0023	NZ_CP013866.1	99.68	951	3	0	1	951	3315991	3315041	0.0	1740
BP0023	NZ_CP013866.1	99.68	951	3	0	1	951	3532436	3533386	0.0	1740
BP0023	NZ_CP013866.1	99.68	951	3	0	1	951	3730208	3731158	0.0	1740
BP0023	NZ_CP013866.1	99.68	951	3	0	1	951	3840602	3839652	0.0	1740
BP0023	NZ_CP013866.1	99.68	951	2	1	1	951	2171887	2170938	0.0	1738
BP0023	NZ_CP013866.1	99.68	950	3	0	1	950	3477126	3478075	0.0	1738
BP0023	NZ_CP013866.1	99.68	950	3	0	1	950	3753438	3754387	0.0	1738
BP0023	NZ_CP013866.1	99.79	946	2	0	1	946	3497088	3496143	0.0	1736
BP0023	NZ_CP013866.1	99.58	951	4	0	1	951	649557	648607	0.0	1735
BP0023	NZ_CP013866.1	99.58	951	4	0	1	951	666083	665133	0.0	1735
BP0023	NZ_CP013866.1	99.58	951	4	0	1	951	1327492	1328442	0.0	1735
BP0023	NZ_CP013866.1	99.58	951	4	0	1	951	1899843	1900793	0.0	1735
BP0023	NZ_CP013866.1	99.58	951	4	0	1	951	2017133	2016183	0.0	1735
BP0023	NZ_CP013866.1	99.58	951	4	0	1	951	2157825	2156875	0.0	1735
BP0023	NZ_CP013866.1	99.58	951	4	0	1	951	2531213	2532163	0.0	1735
BP0023	NZ_CP013866.1	99.58	951	4	0	1	951	2687288	2686338	0.0	1735
BP0023	NZ_CP013866.1	99.58	951	4	0	1	951	3414605	3413655	0.0	1735
BP0023	NZ_CP013866.1	99.47	951	5	0	1	951	4026364	4025414	0.0	1729
BP0023	NZ_CP013866.1	99.37	951	6	0	1	951	3008489	3007539	0.0	1724
BP0023	NZ_CP013866.1	99.89	935	1	0	1	935	1977697	1976763	0.0	1722
