BP2673	NZ_CP011177.1	100.00	951	0	0	1	951	235979	236929	0.0	1757
BP2673	NZ_CP011177.1	100.00	951	0	0	1	951	2809198	2808248	0.0	1757
BP2673	NZ_CP011177.1	100.00	951	0	0	1	951	4032528	4033478	0.0	1757
BP2673	NZ_CP011177.1	99.89	951	1	0	1	951	3534032	3534982	0.0	1751
BP2673	NZ_CP011177.1	99.78	919	2	0	33	951	652298	653216	0.0	1687
BP2673	NZ_CP011177.1	100.00	835	0	0	33	867	78683	79517	0.0	1543
BP1388	NZ_CP011177.1	100.00	1017	0	0	1	1017	1003229	1002213	0.0	1879
BP1388	NZ_CP011177.1	100.00	1017	0	0	1	1017	1443813	1444829	0.0	1879
BP1388	NZ_CP011177.1	100.00	1017	0	0	1	1017	1873006	1871990	0.0	1879
BP1388	NZ_CP011177.1	100.00	1017	0	0	1	1017	2299385	2300401	0.0	1879
BP1388	NZ_CP011177.1	99.90	1017	1	0	1	1017	888433	887417	0.0	1873
BP1388	NZ_CP011177.1	99.90	1017	1	0	1	1017	1063121	1062105	0.0	1873
BP1388	NZ_CP011177.1	99.90	1017	1	0	1	1017	1072487	1071471	0.0	1873
BP1388	NZ_CP011177.1	99.90	1017	1	0	1	1017	1419702	1418686	0.0	1873
BP1388	NZ_CP011177.1	99.90	1017	1	0	1	1017	2857609	2856593	0.0	1873
BP1388	NZ_CP011177.1	99.90	1017	1	0	1	1017	3445471	3444455	0.0	1873
BP1388	NZ_CP011177.1	99.80	1017	2	0	1	1017	3463216	3464232	0.0	1868
BP1388	NZ_CP011177.1	99.80	1017	2	0	1	1017	3837827	3838843	0.0	1868
BP1388	NZ_CP011177.1	99.71	1017	3	0	1	1017	114945	115961	0.0	1862
BP1388	NZ_CP011177.1	99.71	1017	3	0	1	1017	1081109	1082125	0.0	1862
BP1388	NZ_CP011177.1	99.71	1017	3	0	1	1017	2079410	2078394	0.0	1862
BP1388	NZ_CP011177.1	99.71	1017	3	0	1	1017	3429922	3430938	0.0	1862
BP0023	NZ_CP011177.1	100.00	951	0	0	1	951	28233	27283	0.0	1757
BP0023	NZ_CP011177.1	100.00	951	0	0	1	951	414942	413992	0.0	1757
BP0023	NZ_CP011177.1	100.00	951	0	0	1	951	431928	432878	0.0	1757
BP0023	NZ_CP011177.1	100.00	951	0	0	1	951	2093567	2092617	0.0	1757
BP0023	NZ_CP011177.1	100.00	951	0	0	1	951	2589360	2590310	0.0	1757
BP0023	NZ_CP011177.1	100.00	951	0	0	1	951	3704868	3705818	0.0	1757
BP0023	NZ_CP011177.1	100.00	951	0	0	1	951	4034627	4035577	0.0	1757
BP0023	NZ_CP011177.1	100.00	950	0	0	1	950	1040725	1039776	0.0	1755
BP0023	NZ_CP011177.1	99.89	951	1	0	1	951	78585	77635	0.0	1751
BP0023	NZ_CP011177.1	99.89	951	1	0	1	951	108378	107428	0.0	1751
BP0023	NZ_CP011177.1	99.89	951	1	0	1	951	122073	121123	0.0	1751
BP0023	NZ_CP011177.1	99.89	951	1	0	1	951	136108	135158	0.0	1751
BP0023	NZ_CP011177.1	99.89	951	1	0	1	951	234942	235892	0.0	1751
BP0023	NZ_CP011177.1	99.89	951	1	0	1	951	267179	268129	0.0	1751
BP0023	NZ_CP011177.1	99.89	951	1	0	1	951	279696	278746	0.0	1751
BP0023	NZ_CP011177.1	99.89	951	1	0	1	951	449971	449021	0.0	1751
BP0023	NZ_CP011177.1	99.89	951	1	0	1	951	451020	450070	0.0	1751
BP0023	NZ_CP011177.1	99.89	951	1	0	1	951	477727	476777	0.0	1751
BP0023	NZ_CP011177.1	99.89	951	1	0	1	951	622408	623358	0.0	1751
BP0023	NZ_CP011177.1	99.89	951	1	0	1	951	683782	684732	0.0	1751
BP0023	NZ_CP011177.1	99.89	951	1	0	1	951	760857	759907	0.0	1751
BP0023	NZ_CP011177.1	99.89	951	1	0	1	951	915631	916581	0.0	1751
BP0023	NZ_CP011177.1	99.89	951	1	0	1	951	955491	956441	0.0	1751
BP0023	NZ_CP011177.1	99.89	951	1	0	1	951	979620	980570	0.0	1751
BP0023	NZ_CP011177.1	99.89	951	1	0	1	951	1000921	999971	0.0	1751
BP0023	NZ_CP011177.1	99.89	951	1	0	1	951	1048936	1049886	0.0	1751
BP0023	NZ_CP011177.1	99.89	951	1	0	1	951	1113803	1114753	0.0	1751
BP0023	NZ_CP011177.1	99.89	951	1	0	1	951	1119486	1118536	0.0	1751
BP0023	NZ_CP011177.1	99.89	951	1	0	1	951	1178874	1177924	0.0	1751
BP0023	NZ_CP011177.1	99.89	951	1	0	1	951	1238817	1239767	0.0	1751
BP0023	NZ_CP011177.1	99.89	951	1	0	1	951	1354871	1353921	0.0	1751
BP0023	NZ_CP011177.1	99.89	951	1	0	1	951	1355920	1354970	0.0	1751
BP0023	NZ_CP011177.1	99.89	951	1	0	1	951	1450526	1449576	0.0	1751
BP0023	NZ_CP011177.1	99.89	951	1	0	1	951	1504014	1503064	0.0	1751
BP0023	NZ_CP011177.1	99.89	951	1	0	1	951	1550100	1551050	0.0	1751
BP0023	NZ_CP011177.1	99.89	951	1	0	1	951	1572522	1573472	0.0	1751
BP0023	NZ_CP011177.1	99.89	951	1	0	1	951	1601518	1602468	0.0	1751
BP0023	NZ_CP011177.1	99.89	951	1	0	1	951	1620750	1619800	0.0	1751
BP0023	NZ_CP011177.1	99.89	951	1	0	1	951	1667847	1666897	0.0	1751
BP0023	NZ_CP011177.1	99.89	951	1	0	1	951	1728821	1727871	0.0	1751
BP0023	NZ_CP011177.1	99.89	951	1	0	1	951	1964761	1963811	0.0	1751
BP0023	NZ_CP011177.1	99.89	951	1	0	1	951	2094220	2095170	0.0	1751
BP0023	NZ_CP011177.1	99.89	951	1	0	1	951	2116814	2115864	0.0	1751
BP0023	NZ_CP011177.1	99.89	951	1	0	1	951	2123735	2122785	0.0	1751
BP0023	NZ_CP011177.1	99.89	951	1	0	1	951	2204364	2203414	0.0	1751
BP0023	NZ_CP011177.1	99.89	951	1	0	1	951	2258649	2257699	0.0	1751
BP0023	NZ_CP011177.1	99.89	951	1	0	1	951	2283414	2282464	0.0	1751
BP0023	NZ_CP011177.1	99.89	951	1	0	1	951	2588311	2589261	0.0	1751
BP0023	NZ_CP011177.1	99.89	951	1	0	1	951	2840397	2839447	0.0	1751
BP0023	NZ_CP011177.1	99.89	951	1	0	1	951	2912463	2911513	0.0	1751
BP0023	NZ_CP011177.1	99.89	951	1	0	1	951	2922110	2923060	0.0	1751
BP0023	NZ_CP011177.1	99.89	951	1	0	1	951	2958900	2957950	0.0	1751
BP0023	NZ_CP011177.1	99.89	951	1	0	1	951	2970846	2969896	0.0	1751
BP0023	NZ_CP011177.1	99.89	951	1	0	1	951	2996188	2997138	0.0	1751
BP0023	NZ_CP011177.1	99.89	951	1	0	1	951	3049987	3050937	0.0	1751
BP0023	NZ_CP011177.1	99.89	951	1	0	1	951	3093200	3092250	0.0	1751
BP0023	NZ_CP011177.1	99.89	951	1	0	1	951	3132505	3133455	0.0	1751
BP0023	NZ_CP011177.1	99.89	951	1	0	1	951	3152086	3153036	0.0	1751
BP0023	NZ_CP011177.1	99.89	951	1	0	1	951	3237553	3238503	0.0	1751
BP0023	NZ_CP011177.1	99.89	951	1	0	1	951	3292600	3291650	0.0	1751
BP0023	NZ_CP011177.1	99.89	951	1	0	1	951	3313357	3314307	0.0	1751
BP0023	NZ_CP011177.1	99.89	951	1	0	1	951	3478014	3477064	0.0	1751
BP0023	NZ_CP011177.1	99.89	951	1	0	1	951	3492395	3491445	0.0	1751
BP0023	NZ_CP011177.1	99.89	951	1	0	1	951	3571794	3572744	0.0	1751
BP0023	NZ_CP011177.1	99.89	951	1	0	1	951	3585492	3584542	0.0	1751
BP0023	NZ_CP011177.1	99.89	951	1	0	1	951	3586541	3585591	0.0	1751
BP0023	NZ_CP011177.1	99.89	951	1	0	1	951	3659923	3660873	0.0	1751
BP0023	NZ_CP011177.1	99.89	951	1	0	1	951	3753974	3754924	0.0	1751
BP0023	NZ_CP011177.1	99.89	951	1	0	1	951	3785710	3786660	0.0	1751
BP0023	NZ_CP011177.1	99.89	951	1	0	1	951	3789696	3788746	0.0	1751
BP0023	NZ_CP011177.1	99.89	951	1	0	1	951	4033577	4034527	0.0	1751
BP0023	NZ_CP011177.1	99.89	951	1	0	1	951	4068919	4069869	0.0	1751
BP0023	NZ_CP011177.1	99.89	950	1	0	1	950	422754	423703	0.0	1749
BP0023	NZ_CP011177.1	99.89	950	1	0	1	950	779121	780070	0.0	1749
BP0023	NZ_CP011177.1	99.89	950	1	0	1	950	1154838	1155787	0.0	1749
BP0023	NZ_CP011177.1	99.89	950	1	0	1	950	1904050	1904999	0.0	1749
BP0023	NZ_CP011177.1	99.89	950	1	0	1	950	2536768	2537717	0.0	1749
BP0023	NZ_CP011177.1	99.79	951	2	0	1	951	50142	51092	0.0	1746
BP0023	NZ_CP011177.1	99.79	951	2	0	1	951	58448	57498	0.0	1746
BP0023	NZ_CP011177.1	99.79	951	2	0	1	951	167449	166499	0.0	1746
BP0023	NZ_CP011177.1	99.79	951	2	0	1	951	175907	176857	0.0	1746
BP0023	NZ_CP011177.1	99.79	951	2	0	1	951	196011	196961	0.0	1746
BP0023	NZ_CP011177.1	99.79	951	2	0	1	951	207241	208191	0.0	1746
BP0023	NZ_CP011177.1	99.79	951	2	0	1	951	227009	226059	0.0	1746
BP0023	NZ_CP011177.1	99.79	951	2	0	1	951	288529	287579	0.0	1746
BP0023	NZ_CP011177.1	99.79	951	2	0	1	951	303108	302158	0.0	1746
BP0023	NZ_CP011177.1	99.79	951	2	0	1	951	303676	304626	0.0	1746
BP0023	NZ_CP011177.1	99.79	951	2	0	1	951	331990	332940	0.0	1746
BP0023	NZ_CP011177.1	99.79	951	2	0	1	951	357474	356524	0.0	1746
BP0023	NZ_CP011177.1	99.79	951	2	0	1	951	367860	366910	0.0	1746
BP0023	NZ_CP011177.1	99.79	951	2	0	1	951	393413	392463	0.0	1746
BP0023	NZ_CP011177.1	99.79	951	2	0	1	951	467509	468459	0.0	1746
BP0023	NZ_CP011177.1	99.79	951	2	0	1	951	524961	524011	0.0	1746
BP0023	NZ_CP011177.1	99.79	951	2	0	1	951	566493	565543	0.0	1746
BP0023	NZ_CP011177.1	99.79	951	2	0	1	951	592026	592976	0.0	1746
BP0023	NZ_CP011177.1	99.79	951	2	0	1	951	639347	638397	0.0	1746
BP0023	NZ_CP011177.1	99.79	951	2	0	1	951	691978	691028	0.0	1746
BP0023	NZ_CP011177.1	99.79	951	2	0	1	951	721921	722871	0.0	1746
BP0023	NZ_CP011177.1	99.79	951	2	0	1	951	738509	737559	0.0	1746
BP0023	NZ_CP011177.1	99.79	951	2	0	1	951	750747	749797	0.0	1746
BP0023	NZ_CP011177.1	99.79	951	2	0	1	951	753956	754906	0.0	1746
BP0023	NZ_CP011177.1	99.79	951	2	0	1	951	763877	764827	0.0	1746
BP0023	NZ_CP011177.1	99.79	951	2	0	1	951	817371	816421	0.0	1746
BP0023	NZ_CP011177.1	99.79	951	2	0	1	951	855706	856656	0.0	1746
BP0023	NZ_CP011177.1	99.79	951	2	0	1	951	864393	863443	0.0	1746
BP0023	NZ_CP011177.1	99.79	951	2	0	1	951	904019	904969	0.0	1746
BP0023	NZ_CP011177.1	99.79	951	2	0	1	951	914582	915532	0.0	1746
BP0023	NZ_CP011177.1	99.79	951	2	0	1	951	937329	938279	0.0	1746
BP0023	NZ_CP011177.1	99.79	951	2	0	1	951	941033	941983	0.0	1746
BP0023	NZ_CP011177.1	99.79	951	2	0	1	951	1127169	1128119	0.0	1746
BP0023	NZ_CP011177.1	99.79	951	2	0	1	951	1160136	1159186	0.0	1746
BP0023	NZ_CP011177.1	99.79	951	2	0	1	951	1198584	1199534	0.0	1746
BP0023	NZ_CP011177.1	99.79	951	2	0	1	951	1218422	1219372	0.0	1746
BP0023	NZ_CP011177.1	99.79	951	2	0	1	951	1320508	1319558	0.0	1746
BP0023	NZ_CP011177.1	99.79	951	2	0	1	951	1384036	1384986	0.0	1746
BP0023	NZ_CP011177.1	99.79	951	2	0	1	951	1416038	1415088	0.0	1746
BP0023	NZ_CP011177.1	99.79	951	2	0	1	951	1516337	1517287	0.0	1746
BP0023	NZ_CP011177.1	99.79	951	2	0	1	951	1554885	1555835	0.0	1746
BP0023	NZ_CP011177.1	99.79	951	2	0	1	951	1557911	1556961	0.0	1746
BP0023	NZ_CP011177.1	99.79	951	2	0	1	951	1615782	1616732	0.0	1746
BP0023	NZ_CP011177.1	99.79	951	2	0	1	951	1636370	1637320	0.0	1746
BP0023	NZ_CP011177.1	99.79	951	2	0	1	951	1657674	1658624	0.0	1746
BP0023	NZ_CP011177.1	99.79	951	2	0	1	951	1703797	1704747	0.0	1746
BP0023	NZ_CP011177.1	99.79	951	2	0	1	951	1708075	1707125	0.0	1746
BP0023	NZ_CP011177.1	99.79	951	2	0	1	951	1751612	1750662	0.0	1746
BP0023	NZ_CP011177.1	99.79	951	2	0	1	951	1767727	1768677	0.0	1746
BP0023	NZ_CP011177.1	99.79	951	2	0	1	951	1790458	1789508	0.0	1746
BP0023	NZ_CP011177.1	99.79	951	2	0	1	951	1812005	1811055	0.0	1746
BP0023	NZ_CP011177.1	99.79	951	2	0	1	951	1974257	1973307	0.0	1746
BP0023	NZ_CP011177.1	99.79	951	2	0	1	951	2006197	2007147	0.0	1746
BP0023	NZ_CP011177.1	99.79	951	2	0	1	951	2060720	2061670	0.0	1746
BP0023	NZ_CP011177.1	99.79	951	2	0	1	951	2061892	2062842	0.0	1746
BP0023	NZ_CP011177.1	99.79	951	2	0	1	951	2075290	2074340	0.0	1746
BP0023	NZ_CP011177.1	99.79	951	2	0	1	951	2134940	2135890	0.0	1746
BP0023	NZ_CP011177.1	99.79	951	2	0	1	951	2135989	2136939	0.0	1746
BP0023	NZ_CP011177.1	99.79	951	2	0	1	951	2166214	2167164	0.0	1746
BP0023	NZ_CP011177.1	99.79	951	2	0	1	951	2167263	2168213	0.0	1746
BP0023	NZ_CP011177.1	99.79	951	2	0	1	951	2220593	2219643	0.0	1746
BP0023	NZ_CP011177.1	99.79	951	2	0	1	951	2306302	2305352	0.0	1746
BP0023	NZ_CP011177.1	99.79	951	2	0	1	951	2314027	2314977	0.0	1746
BP0023	NZ_CP011177.1	99.79	951	2	0	1	951	2354091	2355041	0.0	1746
BP0023	NZ_CP011177.1	99.79	951	2	0	1	951	2362245	2361295	0.0	1746
BP0023	NZ_CP011177.1	99.79	951	2	0	1	951	2389110	2388160	0.0	1746
BP0023	NZ_CP011177.1	99.79	951	2	0	1	951	2415669	2416619	0.0	1746
BP0023	NZ_CP011177.1	99.79	951	2	0	1	951	2462740	2463690	0.0	1746
BP0023	NZ_CP011177.1	99.79	951	2	0	1	951	2562511	2561561	0.0	1746
BP0023	NZ_CP011177.1	99.79	951	2	0	1	951	2602488	2601538	0.0	1746
BP0023	NZ_CP011177.1	99.79	951	2	0	1	951	2643667	2642717	0.0	1746
BP0023	NZ_CP011177.1	99.79	951	2	0	1	951	2689556	2688606	0.0	1746
BP0023	NZ_CP011177.1	99.79	951	2	0	1	951	2698521	2697571	0.0	1746
BP0023	NZ_CP011177.1	99.79	951	2	0	1	951	2700112	2699162	0.0	1746
BP0023	NZ_CP011177.1	99.79	951	2	0	1	951	2702171	2703121	0.0	1746
BP0023	NZ_CP011177.1	99.79	951	2	0	1	951	2707452	2706502	0.0	1746
BP0023	NZ_CP011177.1	99.79	951	2	0	1	951	2790848	2791798	0.0	1746
BP0023	NZ_CP011177.1	99.79	951	2	0	1	951	2815521	2814571	0.0	1746
BP0023	NZ_CP011177.1	99.79	951	2	0	1	951	2860753	2861703	0.0	1746
BP0023	NZ_CP011177.1	99.79	951	2	0	1	951	2861802	2862752	0.0	1746
BP0023	NZ_CP011177.1	99.79	951	2	0	1	951	2871728	2870778	0.0	1746
BP0023	NZ_CP011177.1	99.79	951	2	0	1	951	2994224	2993274	0.0	1746
BP0023	NZ_CP011177.1	99.79	951	2	0	1	951	3001640	3000690	0.0	1746
BP0023	NZ_CP011177.1	99.79	951	2	0	1	951	3032277	3033227	0.0	1746
BP0023	NZ_CP011177.1	99.79	951	2	0	1	951	3124224	3125174	0.0	1746
BP0023	NZ_CP011177.1	99.79	951	2	0	1	951	3186059	3187009	0.0	1746
BP0023	NZ_CP011177.1	99.79	951	2	0	1	951	3235154	3236104	0.0	1746
BP0023	NZ_CP011177.1	99.79	951	2	0	1	951	3244990	3244040	0.0	1746
BP0023	NZ_CP011177.1	99.79	951	2	0	1	951	3267992	3268942	0.0	1746
BP0023	NZ_CP011177.1	99.79	951	2	0	1	951	3280772	3281722	0.0	1746
BP0023	NZ_CP011177.1	99.79	951	2	0	1	951	3299842	3300792	0.0	1746
BP0023	NZ_CP011177.1	99.79	951	2	0	1	951	3318634	3317684	0.0	1746
BP0023	NZ_CP011177.1	99.79	951	2	0	1	951	3380538	3381488	0.0	1746
BP0023	NZ_CP011177.1	99.79	951	2	0	1	951	3401350	3400400	0.0	1746
BP0023	NZ_CP011177.1	99.79	951	2	0	1	951	3434278	3433328	0.0	1746
BP0023	NZ_CP011177.1	99.79	951	2	0	1	951	3514672	3515622	0.0	1746
BP0023	NZ_CP011177.1	99.79	951	2	0	1	951	3532741	3533691	0.0	1746
BP0023	NZ_CP011177.1	99.79	951	2	0	1	951	3558405	3557455	0.0	1746
BP0023	NZ_CP011177.1	99.79	951	2	0	1	951	3624720	3623770	0.0	1746
BP0023	NZ_CP011177.1	99.79	951	2	0	1	951	3719107	3720057	0.0	1746
BP0023	NZ_CP011177.1	99.79	951	2	0	1	951	3730391	3729441	0.0	1746
BP0023	NZ_CP011177.1	99.79	951	2	0	1	951	3732854	3733804	0.0	1746
BP0023	NZ_CP011177.1	99.79	951	2	0	1	951	3768905	3769855	0.0	1746
BP0023	NZ_CP011177.1	99.79	951	2	0	1	951	3825371	3826321	0.0	1746
BP0023	NZ_CP011177.1	99.79	951	2	0	1	951	3925784	3924834	0.0	1746
BP0023	NZ_CP011177.1	99.79	951	2	0	1	951	3953842	3954792	0.0	1746
BP0023	NZ_CP011177.1	99.79	951	2	0	1	951	4081492	4080542	0.0	1746
BP0023	NZ_CP011177.1	99.79	950	2	0	1	950	679946	680895	0.0	1744
BP0023	NZ_CP011177.1	99.79	950	2	0	1	950	2967660	2968609	0.0	1744
BP0023	NZ_CP011177.1	99.79	950	2	0	1	950	2980622	2981571	0.0	1744
BP0023	NZ_CP011177.1	99.79	950	2	0	1	950	3026839	3025890	0.0	1744
BP0023	NZ_CP011177.1	99.79	950	2	0	1	950	3305130	3304181	0.0	1744
BP0023	NZ_CP011177.1	99.79	950	2	0	1	950	3479771	3480720	0.0	1744
BP0023	NZ_CP011177.1	99.79	950	2	0	1	950	3545796	3546745	0.0	1744
BP0023	NZ_CP011177.1	99.79	950	2	0	1	950	3917243	3916294	0.0	1744
BP0023	NZ_CP011177.1	99.89	946	1	0	1	946	402763	403708	0.0	1742
BP0023	NZ_CP011177.1	99.89	946	1	0	1	946	3705918	3706863	0.0	1742
BP0023	NZ_CP011177.1	99.68	951	3	0	1	951	34626	35576	0.0	1740
BP0023	NZ_CP011177.1	99.68	951	3	0	1	951	43664	44614	0.0	1740
BP0023	NZ_CP011177.1	99.68	951	3	0	1	951	69086	70036	0.0	1740
BP0023	NZ_CP011177.1	99.68	951	3	0	1	951	237876	236926	0.0	1740
BP0023	NZ_CP011177.1	99.68	951	3	0	1	951	554168	555118	0.0	1740
BP0023	NZ_CP011177.1	99.68	951	3	0	1	951	565444	564494	0.0	1740
BP0023	NZ_CP011177.1	99.68	951	3	0	1	951	822958	822008	0.0	1740
BP0023	NZ_CP011177.1	99.68	951	3	0	1	951	959247	960197	0.0	1740
BP0023	NZ_CP011177.1	99.68	951	3	0	1	951	1027984	1027034	0.0	1740
BP0023	NZ_CP011177.1	99.68	951	3	0	1	951	1098548	1097598	0.0	1740
BP0023	NZ_CP011177.1	99.68	951	3	0	1	951	1219471	1220421	0.0	1740
BP0023	NZ_CP011177.1	99.68	951	3	0	1	951	1263939	1264889	0.0	1740
BP0023	NZ_CP011177.1	99.68	951	3	0	1	951	1329147	1328197	0.0	1740
BP0023	NZ_CP011177.1	99.68	951	3	0	1	951	1388143	1389093	0.0	1740
BP0023	NZ_CP011177.1	99.68	951	3	0	1	951	1496620	1497570	0.0	1740
BP0023	NZ_CP011177.1	99.68	951	3	0	1	951	1505063	1504113	0.0	1740
BP0023	NZ_CP011177.1	99.68	951	3	0	1	951	1712856	1711906	0.0	1740
BP0023	NZ_CP011177.1	99.68	951	3	0	1	951	1750563	1749613	0.0	1740
BP0023	NZ_CP011177.1	99.68	951	3	0	1	951	1759480	1760430	0.0	1740
BP0023	NZ_CP011177.1	99.68	951	3	0	1	951	1782085	1783035	0.0	1740
BP0023	NZ_CP011177.1	99.68	951	3	0	1	951	1929926	1930876	0.0	1740
BP0023	NZ_CP011177.1	99.68	951	3	0	1	951	1999523	2000473	0.0	1740
BP0023	NZ_CP011177.1	99.68	951	3	0	1	951	2042880	2041930	0.0	1740
BP0023	NZ_CP011177.1	99.68	951	3	0	1	951	2205499	2206449	0.0	1740
BP0023	NZ_CP011177.1	99.68	951	3	0	1	951	2268962	2268012	0.0	1740
BP0023	NZ_CP011177.1	99.68	951	3	0	1	951	2497001	2496051	0.0	1740
BP0023	NZ_CP011177.1	99.68	951	3	0	1	951	2524300	2525250	0.0	1740
BP0023	NZ_CP011177.1	99.68	951	3	0	1	951	2607978	2608928	0.0	1740
BP0023	NZ_CP011177.1	99.68	951	3	0	1	951	2734336	2733386	0.0	1740
BP0023	NZ_CP011177.1	99.68	951	3	0	1	951	2756372	2755422	0.0	1740
BP0023	NZ_CP011177.1	99.68	951	3	0	1	951	2807301	2808251	0.0	1740
BP0023	NZ_CP011177.1	99.68	951	3	0	1	951	2887155	2886205	0.0	1740
BP0023	NZ_CP011177.1	99.68	951	3	0	1	951	2927563	2926613	0.0	1740
BP0023	NZ_CP011177.1	99.68	951	3	0	1	951	2950806	2949856	0.0	1740
BP0023	NZ_CP011177.1	99.68	951	3	0	1	951	2988791	2987841	0.0	1740
BP0023	NZ_CP011177.1	99.68	951	3	0	1	951	3424334	3425284	0.0	1740
BP0023	NZ_CP011177.1	99.68	951	3	0	1	951	3535081	3536031	0.0	1740
BP0023	NZ_CP011177.1	99.68	951	3	0	1	951	3843248	3842298	0.0	1740
BP0023	NZ_CP011177.1	99.68	951	2	1	1	951	1854124	1855073	0.0	1738
BP0023	NZ_CP011177.1	99.68	950	3	0	1	950	3756084	3757033	0.0	1738
BP0023	NZ_CP011177.1	99.79	946	2	0	1	946	3499733	3498788	0.0	1736
BP0023	NZ_CP011177.1	99.58	951	4	0	1	951	652200	651250	0.0	1735
BP0023	NZ_CP011177.1	99.58	951	4	0	1	951	668726	667776	0.0	1735
BP0023	NZ_CP011177.1	99.58	951	4	0	1	951	1337689	1338639	0.0	1735
BP0023	NZ_CP011177.1	99.58	951	4	0	1	951	1493757	1492807	0.0	1735
BP0023	NZ_CP011177.1	99.58	951	4	0	1	951	1868186	1869136	0.0	1735
BP0023	NZ_CP011177.1	99.58	951	4	0	1	951	1998474	1999424	0.0	1735
BP0023	NZ_CP011177.1	99.58	951	4	0	1	951	2115765	2114815	0.0	1735
BP0023	NZ_CP011177.1	99.58	951	4	0	1	951	2729274	2728324	0.0	1735
BP0023	NZ_CP011177.1	99.58	951	4	0	1	951	3417248	3416298	0.0	1735
BP0023	NZ_CP011177.1	99.47	951	5	0	1	951	4029010	4028060	0.0	1729
BP0023	NZ_CP011177.1	99.37	951	6	0	1	951	3012180	3011230	0.0	1724
BP0023	NZ_CP011177.1	99.89	935	1	0	1	935	2076329	2075395	0.0	1722
