BP2673	NZ_CP016887.1	100.00	951	0	0	1	951	1357232	1358182	0.0	1757
BP2673	NZ_CP016887.1	100.00	951	0	0	1	951	4030503	4031453	0.0	1757
BP2673	NZ_CP016887.1	99.89	951	1	0	1	951	662552	661602	0.0	1751
BP2673	NZ_CP016887.1	99.78	919	2	0	33	951	464102	463184	0.0	1687
BP2673	NZ_CP016887.1	100.00	835	0	0	33	867	78683	79517	0.0	1543
BP1388	NZ_CP016887.1	100.00	1017	0	0	1	1017	2182306	2183322	0.0	1879
BP1388	NZ_CP016887.1	100.00	1017	0	0	1	1017	2738434	2737418	0.0	1879
BP1388	NZ_CP016887.1	100.00	1017	0	0	1	1017	3371957	3370941	0.0	1879
BP1388	NZ_CP016887.1	99.90	1017	1	0	1	1017	733364	732348	0.0	1873
BP1388	NZ_CP016887.1	99.90	1017	1	0	1	1017	751109	752125	0.0	1873
BP1388	NZ_CP016887.1	99.90	1017	1	0	1	1017	1308816	1309832	0.0	1873
BP1388	NZ_CP016887.1	99.90	1017	1	0	1	1017	2137509	2136493	0.0	1873
BP1388	NZ_CP016887.1	99.90	1017	1	0	1	1017	2398024	2399040	0.0	1873
BP1388	NZ_CP016887.1	99.90	1017	1	0	1	1017	2762545	2763561	0.0	1873
BP1388	NZ_CP016887.1	99.90	1017	1	0	1	1017	3111401	3110385	0.0	1873
BP1388	NZ_CP016887.1	99.90	1017	1	0	1	1017	3121070	3122086	0.0	1873
BP1388	NZ_CP016887.1	99.90	1017	1	0	1	1017	3130436	3131452	0.0	1873
BP1388	NZ_CP016887.1	99.90	1017	1	0	1	1017	3190326	3191342	0.0	1873
BP1388	NZ_CP016887.1	99.80	1017	2	0	1	1017	114945	115961	0.0	1868
BP1388	NZ_CP016887.1	99.80	1017	2	0	1	1017	766657	765641	0.0	1868
BP1388	NZ_CP016887.1	99.80	1017	2	0	1	1017	1955230	1956246	0.0	1868
BP1388	NZ_CP016887.1	99.80	1017	2	0	1	1017	3835814	3836830	0.0	1868
BP0023	NZ_CP016887.1	100.00	951	0	0	1	951	28233	27283	0.0	1757
BP0023	NZ_CP016887.1	100.00	951	0	0	1	951	411044	411994	0.0	1757
BP0023	NZ_CP016887.1	100.00	951	0	0	1	951	2678235	2679185	0.0	1757
BP0023	NZ_CP016887.1	100.00	950	0	0	1	950	3152832	3153781	0.0	1755
BP0023	NZ_CP016887.1	99.89	951	1	0	1	951	50142	51092	0.0	1751
BP0023	NZ_CP016887.1	99.89	951	1	0	1	951	78585	77635	0.0	1751
BP0023	NZ_CP016887.1	99.89	951	1	0	1	951	122073	121123	0.0	1751
BP0023	NZ_CP016887.1	99.89	951	1	0	1	951	123122	122172	0.0	1751
BP0023	NZ_CP016887.1	99.89	951	1	0	1	951	137157	136207	0.0	1751
BP0023	NZ_CP016887.1	99.89	951	1	0	1	951	195473	196423	0.0	1751
BP0023	NZ_CP016887.1	99.89	951	1	0	1	951	234403	235353	0.0	1751
BP0023	NZ_CP016887.1	99.89	951	1	0	1	951	279292	278342	0.0	1751
BP0023	NZ_CP016887.1	99.89	951	1	0	1	951	303271	304221	0.0	1751
BP0023	NZ_CP016887.1	99.89	951	1	0	1	951	348353	347403	0.0	1751
BP0023	NZ_CP016887.1	99.89	951	1	0	1	951	358118	357168	0.0	1751
BP0023	NZ_CP016887.1	99.89	951	1	0	1	951	394058	393108	0.0	1751
BP0023	NZ_CP016887.1	99.89	951	1	0	1	951	536663	535713	0.0	1751
BP0023	NZ_CP016887.1	99.89	951	1	0	1	951	572913	573863	0.0	1751
BP0023	NZ_CP016887.1	99.89	951	1	0	1	951	611092	612042	0.0	1751
BP0023	NZ_CP016887.1	99.89	951	1	0	1	951	624790	623840	0.0	1751
BP0023	NZ_CP016887.1	99.89	951	1	0	1	951	704189	705139	0.0	1751
BP0023	NZ_CP016887.1	99.89	951	1	0	1	951	816040	815090	0.0	1751
BP0023	NZ_CP016887.1	99.89	951	1	0	1	951	883221	882271	0.0	1751
BP0023	NZ_CP016887.1	99.89	951	1	0	1	951	890463	891413	0.0	1751
BP0023	NZ_CP016887.1	99.89	951	1	0	1	951	946555	945605	0.0	1751
BP0023	NZ_CP016887.1	99.89	951	1	0	1	951	1033069	1032119	0.0	1751
BP0023	NZ_CP016887.1	99.89	951	1	0	1	951	1052653	1051703	0.0	1751
BP0023	NZ_CP016887.1	99.89	951	1	0	1	951	1135210	1134260	0.0	1751
BP0023	NZ_CP016887.1	99.89	951	1	0	1	951	1174311	1175261	0.0	1751
BP0023	NZ_CP016887.1	99.89	951	1	0	1	951	1196640	1197590	0.0	1751
BP0023	NZ_CP016887.1	99.89	951	1	0	1	951	1245377	1244427	0.0	1751
BP0023	NZ_CP016887.1	99.89	951	1	0	1	951	1305672	1304722	0.0	1751
BP0023	NZ_CP016887.1	99.89	951	1	0	1	951	1577092	1576142	0.0	1751
BP0023	NZ_CP016887.1	99.89	951	1	0	1	951	1602892	1603842	0.0	1751
BP0023	NZ_CP016887.1	99.89	951	1	0	1	951	1852328	1851378	0.0	1751
BP0023	NZ_CP016887.1	99.89	951	1	0	1	951	1910905	1911855	0.0	1751
BP0023	NZ_CP016887.1	99.89	951	1	0	1	951	1939371	1938421	0.0	1751
BP0023	NZ_CP016887.1	99.89	951	1	0	1	951	1940024	1940974	0.0	1751
BP0023	NZ_CP016887.1	99.89	951	1	0	1	951	1941073	1942023	0.0	1751
BP0023	NZ_CP016887.1	99.89	951	1	0	1	951	2067791	2068741	0.0	1751
BP0023	NZ_CP016887.1	99.89	951	1	0	1	951	2265902	2266852	0.0	1751
BP0023	NZ_CP016887.1	99.89	951	1	0	1	951	2303003	2302053	0.0	1751
BP0023	NZ_CP016887.1	99.89	951	1	0	1	951	2357288	2356338	0.0	1751
BP0023	NZ_CP016887.1	99.89	951	1	0	1	951	2382053	2381103	0.0	1751
BP0023	NZ_CP016887.1	99.89	951	1	0	1	951	2404941	2403991	0.0	1751
BP0023	NZ_CP016887.1	99.89	951	1	0	1	951	2482189	2481239	0.0	1751
BP0023	NZ_CP016887.1	99.89	951	1	0	1	951	2518145	2519095	0.0	1751
BP0023	NZ_CP016887.1	99.89	951	1	0	1	951	2557462	2556512	0.0	1751
BP0023	NZ_CP016887.1	99.89	951	1	0	1	951	2566286	2567236	0.0	1751
BP0023	NZ_CP016887.1	99.89	951	1	0	1	951	2585516	2584566	0.0	1751
BP0023	NZ_CP016887.1	99.89	951	1	0	1	951	2614512	2613562	0.0	1751
BP0023	NZ_CP016887.1	99.89	951	1	0	1	951	2677186	2678136	0.0	1751
BP0023	NZ_CP016887.1	99.89	951	1	0	1	951	2730672	2731622	0.0	1751
BP0023	NZ_CP016887.1	99.89	951	1	0	1	951	2731721	2732671	0.0	1751
BP0023	NZ_CP016887.1	99.89	951	1	0	1	951	2826336	2827286	0.0	1751
BP0023	NZ_CP016887.1	99.89	951	1	0	1	951	2945487	2944537	0.0	1751
BP0023	NZ_CP016887.1	99.89	951	1	0	1	951	2964833	2963883	0.0	1751
BP0023	NZ_CP016887.1	99.89	951	1	0	1	951	2984671	2983721	0.0	1751
BP0023	NZ_CP016887.1	99.89	951	1	0	1	951	2990493	2989543	0.0	1751
BP0023	NZ_CP016887.1	99.89	951	1	0	1	951	3013656	3014606	0.0	1751
BP0023	NZ_CP016887.1	99.89	951	1	0	1	951	3065356	3064406	0.0	1751
BP0023	NZ_CP016887.1	99.89	951	1	0	1	951	3078722	3077772	0.0	1751
BP0023	NZ_CP016887.1	99.89	951	1	0	1	951	3144621	3143671	0.0	1751
BP0023	NZ_CP016887.1	99.89	951	1	0	1	951	3275487	3274537	0.0	1751
BP0023	NZ_CP016887.1	99.89	951	1	0	1	951	3300895	3299945	0.0	1751
BP0023	NZ_CP016887.1	99.89	951	1	0	1	951	3339230	3340180	0.0	1751
BP0023	NZ_CP016887.1	99.89	951	1	0	1	951	3454620	3455570	0.0	1751
BP0023	NZ_CP016887.1	99.89	951	1	0	1	951	3461521	3460571	0.0	1751
BP0023	NZ_CP016887.1	99.89	951	1	0	1	951	3547797	3548747	0.0	1751
BP0023	NZ_CP016887.1	99.89	951	1	0	1	951	3610871	3609921	0.0	1751
BP0023	NZ_CP016887.1	99.89	951	1	0	1	951	3678689	3677739	0.0	1751
BP0023	NZ_CP016887.1	99.89	951	1	0	1	951	3823358	3824308	0.0	1751
BP0023	NZ_CP016887.1	99.89	951	1	0	1	951	3841235	3840285	0.0	1751
BP0023	NZ_CP016887.1	99.89	951	1	0	1	951	3923760	3922810	0.0	1751
BP0023	NZ_CP016887.1	99.89	951	1	0	1	951	4078416	4077466	0.0	1751
BP0023	NZ_CP016887.1	99.89	950	1	0	1	950	401870	402819	0.0	1749
BP0023	NZ_CP016887.1	99.89	950	1	0	1	950	716813	715864	0.0	1749
BP0023	NZ_CP016887.1	99.89	950	1	0	1	950	896928	897877	0.0	1749
BP0023	NZ_CP016887.1	99.89	950	1	0	1	950	1199826	1198877	0.0	1749
BP0023	NZ_CP016887.1	99.89	950	1	0	1	950	1628635	1627686	0.0	1749
BP0023	NZ_CP016887.1	99.89	950	1	0	1	950	3915219	3914270	0.0	1749
BP0023	NZ_CP016887.1	99.79	951	2	0	1	951	58448	57498	0.0	1746
BP0023	NZ_CP016887.1	99.79	951	2	0	1	951	69086	70036	0.0	1746
BP0023	NZ_CP016887.1	99.79	951	2	0	1	951	108378	107428	0.0	1746
BP0023	NZ_CP016887.1	99.79	951	2	0	1	951	166887	165937	0.0	1746
BP0023	NZ_CP016887.1	99.79	951	2	0	1	951	175345	176295	0.0	1746
BP0023	NZ_CP016887.1	99.79	951	2	0	1	951	226470	225520	0.0	1746
BP0023	NZ_CP016887.1	99.79	951	2	0	1	951	236423	235473	0.0	1746
BP0023	NZ_CP016887.1	99.79	951	2	0	1	951	237472	236522	0.0	1746
BP0023	NZ_CP016887.1	99.79	951	2	0	1	951	266775	267725	0.0	1746
BP0023	NZ_CP016887.1	99.79	951	2	0	1	951	302703	301753	0.0	1746
BP0023	NZ_CP016887.1	99.79	951	2	0	1	951	331585	332535	0.0	1746
BP0023	NZ_CP016887.1	99.79	951	2	0	1	951	368505	367555	0.0	1746
BP0023	NZ_CP016887.1	99.79	951	2	0	1	951	429087	428137	0.0	1746
BP0023	NZ_CP016887.1	99.79	951	2	0	1	951	445576	446526	0.0	1746
BP0023	NZ_CP016887.1	99.79	951	2	0	1	951	463085	462135	0.0	1746
BP0023	NZ_CP016887.1	99.79	951	2	0	1	951	480887	481837	0.0	1746
BP0023	NZ_CP016887.1	99.79	951	2	0	1	951	490132	489182	0.0	1746
BP0023	NZ_CP016887.1	99.79	951	2	0	1	951	520075	521025	0.0	1746
BP0023	NZ_CP016887.1	99.79	951	2	0	1	951	571864	572814	0.0	1746
BP0023	NZ_CP016887.1	99.79	951	2	0	1	951	638179	639129	0.0	1746
BP0023	NZ_CP016887.1	99.79	951	2	0	1	951	661503	660553	0.0	1746
BP0023	NZ_CP016887.1	99.79	951	2	0	1	951	663843	662893	0.0	1746
BP0023	NZ_CP016887.1	99.79	951	2	0	1	951	762301	763251	0.0	1746
BP0023	NZ_CP016887.1	99.79	951	2	0	1	951	779330	780280	0.0	1746
BP0023	NZ_CP016887.1	99.79	951	2	0	1	951	877944	878894	0.0	1746
BP0023	NZ_CP016887.1	99.79	951	2	0	1	951	903341	902391	0.0	1746
BP0023	NZ_CP016887.1	99.79	951	2	0	1	951	939118	940068	0.0	1746
BP0023	NZ_CP016887.1	99.79	951	2	0	1	951	947604	946654	0.0	1746
BP0023	NZ_CP016887.1	99.79	951	2	0	1	951	950002	949052	0.0	1746
BP0023	NZ_CP016887.1	99.79	951	2	0	1	951	999096	998146	0.0	1746
BP0023	NZ_CP016887.1	99.79	951	2	0	1	951	1060937	1059987	0.0	1746
BP0023	NZ_CP016887.1	99.79	951	2	0	1	951	1091999	1092949	0.0	1746
BP0023	NZ_CP016887.1	99.79	951	2	0	1	951	1156355	1157305	0.0	1746
BP0023	NZ_CP016887.1	99.79	951	2	0	1	951	1166895	1167845	0.0	1746
BP0023	NZ_CP016887.1	99.79	951	2	0	1	951	1172347	1171397	0.0	1746
BP0023	NZ_CP016887.1	99.79	951	2	0	1	951	1208586	1209536	0.0	1746
BP0023	NZ_CP016887.1	99.79	951	2	0	1	951	1239924	1240874	0.0	1746
BP0023	NZ_CP016887.1	99.79	951	2	0	1	951	1255024	1255974	0.0	1746
BP0023	NZ_CP016887.1	99.79	951	2	0	1	951	1295746	1296696	0.0	1746
BP0023	NZ_CP016887.1	99.79	951	2	0	1	951	1326033	1326983	0.0	1746
BP0023	NZ_CP016887.1	99.79	951	2	0	1	951	1350909	1351859	0.0	1746
BP0023	NZ_CP016887.1	99.79	951	2	0	1	951	1359129	1358179	0.0	1746
BP0023	NZ_CP016887.1	99.79	951	2	0	1	951	1376631	1375681	0.0	1746
BP0023	NZ_CP016887.1	99.79	951	2	0	1	951	1458977	1459927	0.0	1746
BP0023	NZ_CP016887.1	99.79	951	2	0	1	951	1476873	1477823	0.0	1746
BP0023	NZ_CP016887.1	99.79	951	2	0	1	951	1522762	1523712	0.0	1746
BP0023	NZ_CP016887.1	99.79	951	2	0	1	951	1558475	1557525	0.0	1746
BP0023	NZ_CP016887.1	99.79	951	2	0	1	951	1749733	1748783	0.0	1746
BP0023	NZ_CP016887.1	99.79	951	2	0	1	951	1776292	1777242	0.0	1746
BP0023	NZ_CP016887.1	99.79	951	2	0	1	951	1803157	1804107	0.0	1746
BP0023	NZ_CP016887.1	99.79	951	2	0	1	951	1811215	1810265	0.0	1746
BP0023	NZ_CP016887.1	99.79	951	2	0	1	951	1851279	1850329	0.0	1746
BP0023	NZ_CP016887.1	99.79	951	2	0	1	951	1860053	1861003	0.0	1746
BP0023	NZ_CP016887.1	99.79	951	2	0	1	951	1861102	1862052	0.0	1746
BP0023	NZ_CP016887.1	99.79	951	2	0	1	951	1869475	1868525	0.0	1746
BP0023	NZ_CP016887.1	99.79	951	2	0	1	951	1899700	1898750	0.0	1746
BP0023	NZ_CP016887.1	99.79	951	2	0	1	951	1990709	1991659	0.0	1746
BP0023	NZ_CP016887.1	99.79	951	2	0	1	951	2027407	2026457	0.0	1746
BP0023	NZ_CP016887.1	99.79	951	2	0	1	951	2058294	2059244	0.0	1746
BP0023	NZ_CP016887.1	99.79	951	2	0	1	951	2151262	2150312	0.0	1746
BP0023	NZ_CP016887.1	99.79	951	2	0	1	951	2244355	2245305	0.0	1746
BP0023	NZ_CP016887.1	99.79	951	2	0	1	951	2304138	2305088	0.0	1746
BP0023	NZ_CP016887.1	99.79	951	2	0	1	951	2367601	2366651	0.0	1746
BP0023	NZ_CP016887.1	99.79	951	2	0	1	951	2457159	2458109	0.0	1746
BP0023	NZ_CP016887.1	99.79	951	2	0	1	951	2461437	2460487	0.0	1746
BP0023	NZ_CP016887.1	99.79	951	2	0	1	951	2528318	2527368	0.0	1746
BP0023	NZ_CP016887.1	99.79	951	2	0	1	951	2549622	2548672	0.0	1746
BP0023	NZ_CP016887.1	99.79	951	2	0	1	951	2629123	2630073	0.0	1746
BP0023	NZ_CP016887.1	99.79	951	2	0	1	951	2632149	2631199	0.0	1746
BP0023	NZ_CP016887.1	99.79	951	2	0	1	951	2665912	2664962	0.0	1746
BP0023	NZ_CP016887.1	99.79	951	2	0	1	951	2766209	2767159	0.0	1746
BP0023	NZ_CP016887.1	99.79	951	2	0	1	951	2798220	2797270	0.0	1746
BP0023	NZ_CP016887.1	99.79	951	2	0	1	951	2862795	2863745	0.0	1746
BP0023	NZ_CP016887.1	99.79	951	2	0	1	951	2919316	2918366	0.0	1746
BP0023	NZ_CP016887.1	99.79	951	2	0	1	951	2932409	2931459	0.0	1746
BP0023	NZ_CP016887.1	99.79	951	2	0	1	951	3003021	3002071	0.0	1746
BP0023	NZ_CP016887.1	99.79	951	2	0	1	951	3011297	3010347	0.0	1746
BP0023	NZ_CP016887.1	99.79	951	2	0	1	951	3032400	3033350	0.0	1746
BP0023	NZ_CP016887.1	99.79	951	2	0	1	951	3073039	3073989	0.0	1746
BP0023	NZ_CP016887.1	99.79	951	2	0	1	951	3093977	3094927	0.0	1746
BP0023	NZ_CP016887.1	99.79	951	2	0	1	951	3116367	3117317	0.0	1746
BP0023	NZ_CP016887.1	99.79	951	2	0	1	951	3165573	3166523	0.0	1746
BP0023	NZ_CP016887.1	99.79	951	2	0	1	951	3233271	3232321	0.0	1746
BP0023	NZ_CP016887.1	99.79	951	2	0	1	951	3261029	3260079	0.0	1746
BP0023	NZ_CP016887.1	99.79	951	2	0	1	951	3279190	3278240	0.0	1746
BP0023	NZ_CP016887.1	99.79	951	2	0	1	951	3306482	3305532	0.0	1746
BP0023	NZ_CP016887.1	99.79	951	2	0	1	951	3347917	3346967	0.0	1746
BP0023	NZ_CP016887.1	99.79	951	2	0	1	951	3387543	3388493	0.0	1746
BP0023	NZ_CP016887.1	99.79	951	2	0	1	951	3398106	3399056	0.0	1746
BP0023	NZ_CP016887.1	99.79	951	2	0	1	951	3451600	3450650	0.0	1746
BP0023	NZ_CP016887.1	99.79	951	2	0	1	951	3464729	3465679	0.0	1746
BP0023	NZ_CP016887.1	99.79	951	2	0	1	951	3476967	3477917	0.0	1746
BP0023	NZ_CP016887.1	99.79	951	2	0	1	951	3545334	3544384	0.0	1746
BP0023	NZ_CP016887.1	99.79	951	2	0	1	951	3568917	3569867	0.0	1746
BP0023	NZ_CP016887.1	99.79	951	2	0	1	951	3583848	3584798	0.0	1746
BP0023	NZ_CP016887.1	99.79	951	2	0	1	951	3600653	3601603	0.0	1746
BP0023	NZ_CP016887.1	99.79	951	2	0	1	951	3646544	3647494	0.0	1746
BP0023	NZ_CP016887.1	99.79	951	2	0	1	951	3650530	3649580	0.0	1746
BP0023	NZ_CP016887.1	99.79	951	2	0	1	951	3661750	3662700	0.0	1746
BP0023	NZ_CP016887.1	99.79	951	2	0	1	951	3709064	3708114	0.0	1746
BP0023	NZ_CP016887.1	99.79	951	2	0	1	951	3734597	3735547	0.0	1746
BP0023	NZ_CP016887.1	99.79	951	2	0	1	951	3745873	3744923	0.0	1746
BP0023	NZ_CP016887.1	99.79	951	2	0	1	951	3746922	3745972	0.0	1746
BP0023	NZ_CP016887.1	99.79	951	2	0	1	951	4031552	4032502	0.0	1746
BP0023	NZ_CP016887.1	99.79	950	2	0	1	950	650788	649839	0.0	1744
BP0023	NZ_CP016887.1	99.79	951	1	1	1	951	718567	719516	0.0	1744
BP0023	NZ_CP016887.1	99.79	950	2	0	1	950	1186864	1185915	0.0	1744
BP0023	NZ_CP016887.1	99.79	951	1	1	1	951	2845614	2844665	0.0	1744
BP0023	NZ_CP016887.1	99.79	950	2	0	1	950	3037698	3036749	0.0	1744
BP0023	NZ_CP016887.1	99.79	950	2	0	1	950	3436356	3435407	0.0	1744
BP0023	NZ_CP016887.1	99.79	951	1	1	1	951	4065844	4066793	0.0	1744
BP0023	NZ_CP016887.1	99.89	946	1	0	1	946	696851	697796	0.0	1742
BP0023	NZ_CP016887.1	99.89	946	1	0	1	946	3521910	3522855	0.0	1742
BP0023	NZ_CP016887.1	99.68	951	3	0	1	951	34626	35576	0.0	1740
BP0023	NZ_CP016887.1	99.68	951	3	0	1	951	43664	44614	0.0	1740
BP0023	NZ_CP016887.1	99.68	951	3	0	1	951	288125	287175	0.0	1740
BP0023	NZ_CP016887.1	99.68	951	3	0	1	951	446625	447575	0.0	1740
BP0023	NZ_CP016887.1	99.68	951	3	0	1	951	681912	680962	0.0	1740
BP0023	NZ_CP016887.1	99.68	951	3	0	1	951	795228	796178	0.0	1740
BP0023	NZ_CP016887.1	99.68	951	3	0	1	951	926338	927288	0.0	1740
BP0023	NZ_CP016887.1	99.68	951	3	0	1	951	1135648	1136598	0.0	1740
BP0023	NZ_CP016887.1	99.68	951	3	0	1	951	1216680	1217630	0.0	1740
BP0023	NZ_CP016887.1	99.68	951	3	0	1	951	1360178	1359228	0.0	1740
BP0023	NZ_CP016887.1	99.68	951	3	0	1	951	1411106	1412056	0.0	1740
BP0023	NZ_CP016887.1	99.68	951	3	0	1	951	1464258	1463308	0.0	1740
BP0023	NZ_CP016887.1	99.68	951	3	0	1	951	1466317	1467267	0.0	1740
BP0023	NZ_CP016887.1	99.68	951	3	0	1	951	1467908	1468858	0.0	1740
BP0023	NZ_CP016887.1	99.68	951	3	0	1	951	1563965	1564915	0.0	1740
BP0023	NZ_CP016887.1	99.68	951	3	0	1	951	1641103	1640153	0.0	1740
BP0023	NZ_CP016887.1	99.68	951	3	0	1	951	1668402	1669352	0.0	1740
BP0023	NZ_CP016887.1	99.68	951	3	0	1	951	1702663	1701713	0.0	1740
BP0023	NZ_CP016887.1	99.68	951	3	0	1	951	1971698	1970748	0.0	1740
BP0023	NZ_CP016887.1	99.68	951	3	0	1	951	2034081	2033131	0.0	1740
BP0023	NZ_CP016887.1	99.68	951	3	0	1	951	2223168	2222218	0.0	1740
BP0023	NZ_CP016887.1	99.68	951	3	0	1	951	2419302	2418352	0.0	1740
BP0023	NZ_CP016887.1	99.68	951	3	0	1	951	2427549	2426599	0.0	1740
BP0023	NZ_CP016887.1	99.68	951	3	0	1	951	2435417	2436367	0.0	1740
BP0023	NZ_CP016887.1	99.68	951	3	0	1	951	2466218	2465268	0.0	1740
BP0023	NZ_CP016887.1	99.68	951	3	0	1	951	2571254	2570304	0.0	1740
BP0023	NZ_CP016887.1	99.68	951	3	0	1	951	2794113	2793163	0.0	1740
BP0023	NZ_CP016887.1	99.68	951	3	0	1	951	2854156	2855106	0.0	1740
BP0023	NZ_CP016887.1	99.68	951	3	0	1	951	3212898	3211948	0.0	1740
BP0023	NZ_CP016887.1	99.68	951	2	1	1	951	206703	207652	0.0	1738
BP0023	NZ_CP016887.1	99.68	951	2	1	1	951	772244	771295	0.0	1738
BP0023	NZ_CP016887.1	99.68	950	3	0	1	950	1141697	1142646	0.0	1738
BP0023	NZ_CP016887.1	99.68	951	2	1	1	951	1972869	1971920	0.0	1738
BP0023	NZ_CP016887.1	99.68	950	3	0	1	950	2127471	2126522	0.0	1738
BP0023	NZ_CP016887.1	99.68	951	2	1	1	951	2201188	2200239	0.0	1738
BP0023	NZ_CP016887.1	99.68	951	2	1	1	951	2843517	2842568	0.0	1738
BP0023	NZ_CP016887.1	99.68	950	3	0	1	950	3571027	3571976	0.0	1738
BP0023	NZ_CP016887.1	99.68	951	2	1	1	951	3776128	3777077	0.0	1738
BP0023	NZ_CP016887.1	99.68	951	1	2	1	951	3951818	3952766	0.0	1738
BP0023	NZ_CP016887.1	99.68	950	1	2	1	950	477053	478000	0.0	1736
BP0023	NZ_CP016887.1	99.58	951	4	0	1	951	464200	465150	0.0	1735
BP0023	NZ_CP016887.1	99.58	951	4	0	1	951	489083	488133	0.0	1735
BP0023	NZ_CP016887.1	99.58	952	3	1	1	951	1280323	1281274	0.0	1735
BP0023	NZ_CP016887.1	99.58	951	4	0	1	951	1437155	1438105	0.0	1735
BP0023	NZ_CP016887.1	99.58	951	4	0	1	951	1917826	1918776	0.0	1735
BP0023	NZ_CP016887.1	99.58	951	4	0	1	951	2187126	2186176	0.0	1735
BP0023	NZ_CP016887.1	99.58	951	4	0	1	951	2319232	2318282	0.0	1735
BP0023	NZ_CP016887.1	99.58	951	4	0	1	951	2844566	2843616	0.0	1735
BP0023	NZ_CP016887.1	99.58	951	3	1	1	951	2687443	2688392	0.0	1733
BP0023	NZ_CP016887.1	99.47	951	5	0	1	951	4026985	4026035	0.0	1729
BP0023	NZ_CP016887.1	99.89	935	1	0	1	935	1958311	1959245	0.0	1722
