BP2673	NZ_CP017168.1	100.00	951	0	0	1	951	234370	235320	0.0	1757
BP2673	NZ_CP017168.1	100.00	951	0	0	1	951	2804447	2803497	0.0	1757
BP2673	NZ_CP017168.1	100.00	951	0	0	1	951	4029867	4030817	0.0	1757
BP2673	NZ_CP017168.1	99.89	951	1	0	1	951	3530323	3531273	0.0	1751
BP2673	NZ_CP017168.1	99.78	919	2	0	33	951	649637	650555	0.0	1687
BP2673	NZ_CP017168.1	100.00	835	0	0	33	867	78681	79515	0.0	1543
BP1388	NZ_CP017168.1	100.00	1017	0	0	1	1017	999524	998508	0.0	1879
BP1388	NZ_CP017168.1	100.00	1017	0	0	1	1017	1439063	1440079	0.0	1879
BP1388	NZ_CP017168.1	100.00	1017	0	0	1	1017	1867213	1866197	0.0	1879
BP1388	NZ_CP017168.1	100.00	1017	0	0	1	1017	2293590	2294606	0.0	1879
BP1388	NZ_CP017168.1	100.00	1017	0	0	1	1017	3441762	3440746	0.0	1879
BP1388	NZ_CP017168.1	99.90	1017	1	0	1	1017	885772	884756	0.0	1873
BP1388	NZ_CP017168.1	99.90	1017	1	0	1	1017	1059415	1058399	0.0	1873
BP1388	NZ_CP017168.1	99.90	1017	1	0	1	1017	1068781	1067765	0.0	1873
BP1388	NZ_CP017168.1	99.90	1017	1	0	1	1017	1414952	1413936	0.0	1873
BP1388	NZ_CP017168.1	99.90	1017	1	0	1	1017	2852856	2851840	0.0	1873
BP1388	NZ_CP017168.1	99.80	1017	2	0	1	1017	2073614	2072598	0.0	1868
BP1388	NZ_CP017168.1	99.80	1017	2	0	1	1017	3459507	3460523	0.0	1868
BP1388	NZ_CP017168.1	99.80	1017	2	0	1	1017	3835166	3836182	0.0	1868
BP1388	NZ_CP017168.1	99.71	1017	3	0	1	1017	114943	115959	0.0	1862
BP1388	NZ_CP017168.1	99.71	1017	3	0	1	1017	1077403	1078419	0.0	1862
BP1388	NZ_CP017168.1	99.71	1017	3	0	1	1017	3426213	3427229	0.0	1862
BP0023	NZ_CP017168.1	100.00	951	0	0	1	951	28233	27283	0.0	1757
BP0023	NZ_CP017168.1	100.00	951	0	0	1	951	413331	412381	0.0	1757
BP0023	NZ_CP017168.1	100.00	951	0	0	1	951	430317	431267	0.0	1757
BP0023	NZ_CP017168.1	100.00	951	0	0	1	951	1499264	1498314	0.0	1757
BP0023	NZ_CP017168.1	100.00	951	0	0	1	951	2087771	2086821	0.0	1757
BP0023	NZ_CP017168.1	100.00	951	0	0	1	951	2584612	2585562	0.0	1757
BP0023	NZ_CP017168.1	100.00	951	0	0	1	951	3701159	3702109	0.0	1757
BP0023	NZ_CP017168.1	100.00	951	0	0	1	951	4030916	4031866	0.0	1757
BP0023	NZ_CP017168.1	100.00	951	0	0	1	951	4065208	4066158	0.0	1757
BP0023	NZ_CP017168.1	100.00	950	0	0	1	950	1037020	1036071	0.0	1755
BP0023	NZ_CP017168.1	99.89	951	1	0	1	951	78583	77633	0.0	1751
BP0023	NZ_CP017168.1	99.89	951	1	0	1	951	108376	107426	0.0	1751
BP0023	NZ_CP017168.1	99.89	951	1	0	1	951	122071	121121	0.0	1751
BP0023	NZ_CP017168.1	99.89	951	1	0	1	951	136105	135155	0.0	1751
BP0023	NZ_CP017168.1	99.89	951	1	0	1	951	233333	234283	0.0	1751
BP0023	NZ_CP017168.1	99.89	951	1	0	1	951	278086	277136	0.0	1751
BP0023	NZ_CP017168.1	99.89	951	1	0	1	951	391802	390852	0.0	1751
BP0023	NZ_CP017168.1	99.89	951	1	0	1	951	448360	447410	0.0	1751
BP0023	NZ_CP017168.1	99.89	951	1	0	1	951	449409	448459	0.0	1751
BP0023	NZ_CP017168.1	99.89	951	1	0	1	951	476116	475166	0.0	1751
BP0023	NZ_CP017168.1	99.89	951	1	0	1	951	619747	620697	0.0	1751
BP0023	NZ_CP017168.1	99.89	951	1	0	1	951	681121	682071	0.0	1751
BP0023	NZ_CP017168.1	99.89	951	1	0	1	951	735848	734898	0.0	1751
BP0023	NZ_CP017168.1	99.89	951	1	0	1	951	758196	757246	0.0	1751
BP0023	NZ_CP017168.1	99.89	951	1	0	1	951	933619	934569	0.0	1751
BP0023	NZ_CP017168.1	99.89	951	1	0	1	951	951781	952731	0.0	1751
BP0023	NZ_CP017168.1	99.89	951	1	0	1	951	975910	976860	0.0	1751
BP0023	NZ_CP017168.1	99.89	951	1	0	1	951	997216	996266	0.0	1751
BP0023	NZ_CP017168.1	99.89	951	1	0	1	951	1045231	1046181	0.0	1751
BP0023	NZ_CP017168.1	99.89	951	1	0	1	951	1115779	1114829	0.0	1751
BP0023	NZ_CP017168.1	99.89	951	1	0	1	951	1175166	1174216	0.0	1751
BP0023	NZ_CP017168.1	99.89	951	1	0	1	951	1235108	1236058	0.0	1751
BP0023	NZ_CP017168.1	99.89	951	1	0	1	951	1351162	1350212	0.0	1751
BP0023	NZ_CP017168.1	99.89	951	1	0	1	951	1445776	1444826	0.0	1751
BP0023	NZ_CP017168.1	99.89	951	1	0	1	951	1545350	1546300	0.0	1751
BP0023	NZ_CP017168.1	99.89	951	1	0	1	951	1567772	1568722	0.0	1751
BP0023	NZ_CP017168.1	99.89	951	1	0	1	951	1596768	1597718	0.0	1751
BP0023	NZ_CP017168.1	99.89	951	1	0	1	951	1615999	1615049	0.0	1751
BP0023	NZ_CP017168.1	99.89	951	1	0	1	951	1663095	1662145	0.0	1751
BP0023	NZ_CP017168.1	99.89	951	1	0	1	951	1724075	1723125	0.0	1751
BP0023	NZ_CP017168.1	99.89	951	1	0	1	951	1958966	1958016	0.0	1751
BP0023	NZ_CP017168.1	99.89	951	1	0	1	951	2088424	2089374	0.0	1751
BP0023	NZ_CP017168.1	99.89	951	1	0	1	951	2111018	2110068	0.0	1751
BP0023	NZ_CP017168.1	99.89	951	1	0	1	951	2117939	2116989	0.0	1751
BP0023	NZ_CP017168.1	99.89	951	1	0	1	951	2197519	2196569	0.0	1751
BP0023	NZ_CP017168.1	99.89	951	1	0	1	951	2251804	2250854	0.0	1751
BP0023	NZ_CP017168.1	99.89	951	1	0	1	951	2276569	2275619	0.0	1751
BP0023	NZ_CP017168.1	99.89	951	1	0	1	951	2277618	2276668	0.0	1751
BP0023	NZ_CP017168.1	99.89	951	1	0	1	951	2357498	2356548	0.0	1751
BP0023	NZ_CP017168.1	99.89	951	1	0	1	951	2558813	2557863	0.0	1751
BP0023	NZ_CP017168.1	99.89	951	1	0	1	951	2835645	2834695	0.0	1751
BP0023	NZ_CP017168.1	99.89	951	1	0	1	951	2907708	2906758	0.0	1751
BP0023	NZ_CP017168.1	99.89	951	1	0	1	951	2917355	2918305	0.0	1751
BP0023	NZ_CP017168.1	99.89	951	1	0	1	951	2954145	2953195	0.0	1751
BP0023	NZ_CP017168.1	99.89	951	1	0	1	951	2966091	2965141	0.0	1751
BP0023	NZ_CP017168.1	99.89	951	1	0	1	951	3045231	3046181	0.0	1751
BP0023	NZ_CP017168.1	99.89	951	1	0	1	951	3088444	3087494	0.0	1751
BP0023	NZ_CP017168.1	99.89	951	1	0	1	951	3127749	3128699	0.0	1751
BP0023	NZ_CP017168.1	99.89	951	1	0	1	951	3147330	3148280	0.0	1751
BP0023	NZ_CP017168.1	99.89	951	1	0	1	951	3288892	3287942	0.0	1751
BP0023	NZ_CP017168.1	99.89	951	1	0	1	951	3309649	3310599	0.0	1751
BP0023	NZ_CP017168.1	99.89	951	1	0	1	951	3474305	3473355	0.0	1751
BP0023	NZ_CP017168.1	99.89	951	1	0	1	951	3488686	3487736	0.0	1751
BP0023	NZ_CP017168.1	99.89	951	1	0	1	951	3568085	3569035	0.0	1751
BP0023	NZ_CP017168.1	99.89	951	1	0	1	951	3581783	3580833	0.0	1751
BP0023	NZ_CP017168.1	99.89	951	1	0	1	951	3582832	3581882	0.0	1751
BP0023	NZ_CP017168.1	99.89	951	1	0	1	951	3750265	3751215	0.0	1751
BP0023	NZ_CP017168.1	99.89	951	1	0	1	951	3782000	3782950	0.0	1751
BP0023	NZ_CP017168.1	99.89	951	1	0	1	951	3785986	3785036	0.0	1751
BP0023	NZ_CP017168.1	99.89	951	1	0	1	951	3821661	3822611	0.0	1751
BP0023	NZ_CP017168.1	99.89	951	1	0	1	951	3951181	3952131	0.0	1751
BP0023	NZ_CP017168.1	99.89	950	1	0	1	950	421143	422092	0.0	1749
BP0023	NZ_CP017168.1	99.89	950	1	0	1	950	677285	678234	0.0	1749
BP0023	NZ_CP017168.1	99.89	950	1	0	1	950	776460	777409	0.0	1749
BP0023	NZ_CP017168.1	99.89	950	1	0	1	950	1151131	1152080	0.0	1749
BP0023	NZ_CP017168.1	99.89	950	1	0	1	950	1898256	1899205	0.0	1749
BP0023	NZ_CP017168.1	99.89	950	1	0	1	950	2533070	2534019	0.0	1749
BP0023	NZ_CP017168.1	99.89	950	1	0	1	950	3301422	3300473	0.0	1749
BP0023	NZ_CP017168.1	99.79	951	2	0	1	951	43663	44613	0.0	1746
BP0023	NZ_CP017168.1	99.79	951	2	0	1	951	58446	57496	0.0	1746
BP0023	NZ_CP017168.1	99.79	951	2	0	1	951	165841	164891	0.0	1746
BP0023	NZ_CP017168.1	99.79	951	2	0	1	951	174299	175249	0.0	1746
BP0023	NZ_CP017168.1	99.79	951	2	0	1	951	225400	224450	0.0	1746
BP0023	NZ_CP017168.1	99.79	951	2	0	1	951	286918	285968	0.0	1746
BP0023	NZ_CP017168.1	99.79	951	2	0	1	951	301497	300547	0.0	1746
BP0023	NZ_CP017168.1	99.79	951	2	0	1	951	302065	303015	0.0	1746
BP0023	NZ_CP017168.1	99.79	951	2	0	1	951	330379	331329	0.0	1746
BP0023	NZ_CP017168.1	99.79	951	2	0	1	951	355863	354913	0.0	1746
BP0023	NZ_CP017168.1	99.79	951	2	0	1	951	366249	365299	0.0	1746
BP0023	NZ_CP017168.1	99.79	951	2	0	1	951	465898	466848	0.0	1746
BP0023	NZ_CP017168.1	99.79	951	2	0	1	951	523350	522400	0.0	1746
BP0023	NZ_CP017168.1	99.79	951	2	0	1	951	563833	562883	0.0	1746
BP0023	NZ_CP017168.1	99.79	951	2	0	1	951	589366	590316	0.0	1746
BP0023	NZ_CP017168.1	99.79	951	2	0	1	951	636686	635736	0.0	1746
BP0023	NZ_CP017168.1	99.79	951	2	0	1	951	689317	688367	0.0	1746
BP0023	NZ_CP017168.1	99.79	951	2	0	1	951	719260	720210	0.0	1746
BP0023	NZ_CP017168.1	99.79	951	2	0	1	951	748086	747136	0.0	1746
BP0023	NZ_CP017168.1	99.79	951	2	0	1	951	751295	752245	0.0	1746
BP0023	NZ_CP017168.1	99.79	951	2	0	1	951	761216	762166	0.0	1746
BP0023	NZ_CP017168.1	99.79	951	2	0	1	951	814710	813760	0.0	1746
BP0023	NZ_CP017168.1	99.79	951	2	0	1	951	861732	860782	0.0	1746
BP0023	NZ_CP017168.1	99.79	951	2	0	1	951	901358	902308	0.0	1746
BP0023	NZ_CP017168.1	99.79	951	2	0	1	951	911921	912871	0.0	1746
BP0023	NZ_CP017168.1	99.79	951	2	0	1	951	937323	938273	0.0	1746
BP0023	NZ_CP017168.1	99.79	951	2	0	1	951	1123462	1124412	0.0	1746
BP0023	NZ_CP017168.1	99.79	951	2	0	1	951	1156429	1155479	0.0	1746
BP0023	NZ_CP017168.1	99.79	951	2	0	1	951	1194876	1195826	0.0	1746
BP0023	NZ_CP017168.1	99.79	951	2	0	1	951	1214714	1215664	0.0	1746
BP0023	NZ_CP017168.1	99.79	951	2	0	1	951	1316799	1315849	0.0	1746
BP0023	NZ_CP017168.1	99.79	951	2	0	1	951	1379277	1380227	0.0	1746
BP0023	NZ_CP017168.1	99.79	951	2	0	1	951	1411288	1410338	0.0	1746
BP0023	NZ_CP017168.1	99.79	951	2	0	1	951	1511587	1512537	0.0	1746
BP0023	NZ_CP017168.1	99.79	951	2	0	1	951	1550135	1551085	0.0	1746
BP0023	NZ_CP017168.1	99.79	951	2	0	1	951	1553161	1552211	0.0	1746
BP0023	NZ_CP017168.1	99.79	951	2	0	1	951	1611031	1611981	0.0	1746
BP0023	NZ_CP017168.1	99.79	951	2	0	1	951	1631618	1632568	0.0	1746
BP0023	NZ_CP017168.1	99.79	951	2	0	1	951	1652922	1653872	0.0	1746
BP0023	NZ_CP017168.1	99.79	951	2	0	1	951	1699045	1699995	0.0	1746
BP0023	NZ_CP017168.1	99.79	951	2	0	1	951	1703323	1702373	0.0	1746
BP0023	NZ_CP017168.1	99.79	951	2	0	1	951	1761931	1762881	0.0	1746
BP0023	NZ_CP017168.1	99.79	951	2	0	1	951	1784666	1783716	0.0	1746
BP0023	NZ_CP017168.1	99.79	951	2	0	1	951	1806213	1805263	0.0	1746
BP0023	NZ_CP017168.1	99.79	951	2	0	1	951	1968462	1967512	0.0	1746
BP0023	NZ_CP017168.1	99.79	951	2	0	1	951	2000402	2001352	0.0	1746
BP0023	NZ_CP017168.1	99.79	951	2	0	1	951	2054925	2055875	0.0	1746
BP0023	NZ_CP017168.1	99.79	951	2	0	1	951	2056097	2057047	0.0	1746
BP0023	NZ_CP017168.1	99.79	951	2	0	1	951	2069494	2068544	0.0	1746
BP0023	NZ_CP017168.1	99.79	951	2	0	1	951	2129144	2130094	0.0	1746
BP0023	NZ_CP017168.1	99.79	951	2	0	1	951	2159369	2160319	0.0	1746
BP0023	NZ_CP017168.1	99.79	951	2	0	1	951	2160418	2161368	0.0	1746
BP0023	NZ_CP017168.1	99.79	951	2	0	1	951	2213748	2212798	0.0	1746
BP0023	NZ_CP017168.1	99.79	951	2	0	1	951	2262117	2261167	0.0	1746
BP0023	NZ_CP017168.1	99.79	951	2	0	1	951	2300507	2299557	0.0	1746
BP0023	NZ_CP017168.1	99.79	951	2	0	1	951	2308232	2309182	0.0	1746
BP0023	NZ_CP017168.1	99.79	951	2	0	1	951	2356449	2355499	0.0	1746
BP0023	NZ_CP017168.1	99.79	951	2	0	1	951	2384363	2383413	0.0	1746
BP0023	NZ_CP017168.1	99.79	951	2	0	1	951	2410922	2411872	0.0	1746
BP0023	NZ_CP017168.1	99.79	951	2	0	1	951	2597740	2596790	0.0	1746
BP0023	NZ_CP017168.1	99.79	951	2	0	1	951	2638919	2637969	0.0	1746
BP0023	NZ_CP017168.1	99.79	951	2	0	1	951	2684808	2683858	0.0	1746
BP0023	NZ_CP017168.1	99.79	951	2	0	1	951	2695363	2694413	0.0	1746
BP0023	NZ_CP017168.1	99.79	951	2	0	1	951	2697422	2698372	0.0	1746
BP0023	NZ_CP017168.1	99.79	951	2	0	1	951	2702703	2701753	0.0	1746
BP0023	NZ_CP017168.1	99.79	951	2	0	1	951	2786097	2787047	0.0	1746
BP0023	NZ_CP017168.1	99.79	951	2	0	1	951	2856000	2856950	0.0	1746
BP0023	NZ_CP017168.1	99.79	951	2	0	1	951	2857049	2857999	0.0	1746
BP0023	NZ_CP017168.1	99.79	951	2	0	1	951	2866975	2866025	0.0	1746
BP0023	NZ_CP017168.1	99.79	951	2	0	1	951	2989469	2988519	0.0	1746
BP0023	NZ_CP017168.1	99.79	951	2	0	1	951	2991433	2992383	0.0	1746
BP0023	NZ_CP017168.1	99.79	951	2	0	1	951	2996885	2995935	0.0	1746
BP0023	NZ_CP017168.1	99.79	951	2	0	1	951	3027521	3028471	0.0	1746
BP0023	NZ_CP017168.1	99.79	951	2	0	1	951	3119468	3120418	0.0	1746
BP0023	NZ_CP017168.1	99.79	951	2	0	1	951	3181303	3182253	0.0	1746
BP0023	NZ_CP017168.1	99.79	951	2	0	1	951	3230397	3231347	0.0	1746
BP0023	NZ_CP017168.1	99.79	951	2	0	1	951	3232796	3233746	0.0	1746
BP0023	NZ_CP017168.1	99.79	951	2	0	1	951	3240233	3239283	0.0	1746
BP0023	NZ_CP017168.1	99.79	951	2	0	1	951	3241282	3240332	0.0	1746
BP0023	NZ_CP017168.1	99.79	951	2	0	1	951	3264284	3265234	0.0	1746
BP0023	NZ_CP017168.1	99.79	951	2	0	1	951	3277064	3278014	0.0	1746
BP0023	NZ_CP017168.1	99.79	951	2	0	1	951	3296134	3297084	0.0	1746
BP0023	NZ_CP017168.1	99.79	951	2	0	1	951	3397641	3396691	0.0	1746
BP0023	NZ_CP017168.1	99.79	951	2	0	1	951	3420625	3421575	0.0	1746
BP0023	NZ_CP017168.1	99.79	951	2	0	1	951	3430569	3429619	0.0	1746
BP0023	NZ_CP017168.1	99.79	951	2	0	1	951	3510963	3511913	0.0	1746
BP0023	NZ_CP017168.1	99.79	951	2	0	1	951	3529032	3529982	0.0	1746
BP0023	NZ_CP017168.1	99.79	951	2	0	1	951	3554696	3553746	0.0	1746
BP0023	NZ_CP017168.1	99.79	951	2	0	1	951	3621011	3620061	0.0	1746
BP0023	NZ_CP017168.1	99.79	951	2	0	1	951	3656215	3657165	0.0	1746
BP0023	NZ_CP017168.1	99.79	951	2	0	1	951	3715398	3716348	0.0	1746
BP0023	NZ_CP017168.1	99.79	951	2	0	1	951	3726682	3725732	0.0	1746
BP0023	NZ_CP017168.1	99.79	951	2	0	1	951	3729145	3730095	0.0	1746
BP0023	NZ_CP017168.1	99.79	951	2	0	1	951	3765195	3766145	0.0	1746
BP0023	NZ_CP017168.1	99.79	951	2	0	1	951	3822710	3823660	0.0	1746
BP0023	NZ_CP017168.1	99.79	951	2	0	1	951	3923123	3922173	0.0	1746
BP0023	NZ_CP017168.1	99.79	951	2	0	1	951	4077781	4076831	0.0	1746
BP0023	NZ_CP017168.1	99.79	951	1	1	1	951	50141	51090	0.0	1744
BP0023	NZ_CP017168.1	99.79	951	1	1	1	951	194403	195352	0.0	1744
BP0023	NZ_CP017168.1	99.79	951	1	1	1	951	265570	266519	0.0	1744
BP0023	NZ_CP017168.1	99.79	951	1	1	1	951	853046	853995	0.0	1744
BP0023	NZ_CP017168.1	99.79	951	1	1	1	951	1110097	1111046	0.0	1744
BP0023	NZ_CP017168.1	99.79	951	1	1	1	951	2810769	2809820	0.0	1744
BP0023	NZ_CP017168.1	99.79	950	2	0	1	950	2962905	2963854	0.0	1744
BP0023	NZ_CP017168.1	99.79	950	2	0	1	950	2975867	2976816	0.0	1744
BP0023	NZ_CP017168.1	99.79	950	2	0	1	950	3022083	3021134	0.0	1744
BP0023	NZ_CP017168.1	99.79	950	2	0	1	950	3476062	3477011	0.0	1744
BP0023	NZ_CP017168.1	99.79	950	2	0	1	950	3542087	3543036	0.0	1744
BP0023	NZ_CP017168.1	99.79	950	2	0	1	950	3914582	3913633	0.0	1744
BP0023	NZ_CP017168.1	99.89	946	1	0	1	946	401152	402097	0.0	1742
BP0023	NZ_CP017168.1	99.89	946	1	0	1	946	3702209	3703154	0.0	1742
BP0023	NZ_CP017168.1	99.68	951	3	0	1	951	34625	35575	0.0	1740
BP0023	NZ_CP017168.1	99.68	951	3	0	1	951	69084	70034	0.0	1740
BP0023	NZ_CP017168.1	99.68	951	3	0	1	951	205632	206582	0.0	1740
BP0023	NZ_CP017168.1	99.68	951	3	0	1	951	236267	235317	0.0	1740
BP0023	NZ_CP017168.1	99.68	951	3	0	1	951	552557	553507	0.0	1740
BP0023	NZ_CP017168.1	99.68	951	3	0	1	951	955537	956487	0.0	1740
BP0023	NZ_CP017168.1	99.68	951	3	0	1	951	1024279	1023329	0.0	1740
BP0023	NZ_CP017168.1	99.68	951	3	0	1	951	1094842	1093892	0.0	1740
BP0023	NZ_CP017168.1	99.68	951	3	0	1	951	1215763	1216713	0.0	1740
BP0023	NZ_CP017168.1	99.68	951	3	0	1	951	1260230	1261180	0.0	1740
BP0023	NZ_CP017168.1	99.68	951	3	0	1	951	1325438	1324488	0.0	1740
BP0023	NZ_CP017168.1	99.68	951	3	0	1	951	1333980	1334930	0.0	1740
BP0023	NZ_CP017168.1	99.68	951	3	0	1	951	1383384	1384334	0.0	1740
BP0023	NZ_CP017168.1	99.68	951	3	0	1	951	1491870	1492820	0.0	1740
BP0023	NZ_CP017168.1	99.68	951	3	0	1	951	1500313	1499363	0.0	1740
BP0023	NZ_CP017168.1	99.68	951	3	0	1	951	1708104	1707154	0.0	1740
BP0023	NZ_CP017168.1	99.68	951	3	0	1	951	1745817	1744867	0.0	1740
BP0023	NZ_CP017168.1	99.68	951	3	0	1	951	1776293	1777243	0.0	1740
BP0023	NZ_CP017168.1	99.68	951	3	0	1	951	1993728	1994678	0.0	1740
BP0023	NZ_CP017168.1	99.68	951	3	0	1	951	2198654	2199604	0.0	1740
BP0023	NZ_CP017168.1	99.68	951	3	0	1	951	2348295	2349245	0.0	1740
BP0023	NZ_CP017168.1	99.68	951	3	0	1	951	2457993	2458943	0.0	1740
BP0023	NZ_CP017168.1	99.68	951	3	0	1	951	2492254	2491304	0.0	1740
BP0023	NZ_CP017168.1	99.68	951	3	0	1	951	2519553	2520503	0.0	1740
BP0023	NZ_CP017168.1	99.68	951	3	0	1	951	2525508	2526458	0.0	1740
BP0023	NZ_CP017168.1	99.68	951	3	0	1	951	2603230	2604180	0.0	1740
BP0023	NZ_CP017168.1	99.68	951	3	0	1	951	2729585	2728635	0.0	1740
BP0023	NZ_CP017168.1	99.68	951	3	0	1	951	2751621	2750671	0.0	1740
BP0023	NZ_CP017168.1	99.68	951	3	0	1	951	2802550	2803500	0.0	1740
BP0023	NZ_CP017168.1	99.68	951	3	0	1	951	2922808	2921858	0.0	1740
BP0023	NZ_CP017168.1	99.68	951	3	0	1	951	2946051	2945101	0.0	1740
BP0023	NZ_CP017168.1	99.68	951	3	0	1	951	2984036	2983086	0.0	1740
BP0023	NZ_CP017168.1	99.68	951	3	0	1	951	3314926	3313976	0.0	1740
BP0023	NZ_CP017168.1	99.68	951	3	0	1	951	3531372	3532322	0.0	1740
BP0023	NZ_CP017168.1	99.68	951	3	0	1	951	3840587	3839637	0.0	1740
BP0023	NZ_CP017168.1	99.68	951	2	1	1	951	1753685	1754634	0.0	1738
BP0023	NZ_CP017168.1	99.68	951	2	1	1	951	1848331	1849280	0.0	1738
BP0023	NZ_CP017168.1	99.68	951	2	1	1	951	1924132	1925081	0.0	1738
BP0023	NZ_CP017168.1	99.68	951	2	1	1	951	2882400	2881451	0.0	1738
BP0023	NZ_CP017168.1	99.68	951	2	1	1	951	3376830	3377779	0.0	1738
BP0023	NZ_CP017168.1	99.68	950	3	0	1	950	3752375	3753324	0.0	1738
BP0023	NZ_CP017168.1	99.79	946	2	0	1	946	3496024	3495079	0.0	1736
BP0023	NZ_CP017168.1	99.58	951	4	0	1	951	649539	648589	0.0	1735
BP0023	NZ_CP017168.1	99.58	951	4	0	1	951	666065	665115	0.0	1735
BP0023	NZ_CP017168.1	99.58	952	3	1	1	951	820298	819347	0.0	1735
BP0023	NZ_CP017168.1	99.58	951	4	0	1	951	1489007	1488057	0.0	1735
BP0023	NZ_CP017168.1	99.58	951	4	0	1	951	1862393	1863343	0.0	1735
BP0023	NZ_CP017168.1	99.58	951	4	0	1	951	1992679	1993629	0.0	1735
BP0023	NZ_CP017168.1	99.58	951	4	0	1	951	2037085	2036135	0.0	1735
BP0023	NZ_CP017168.1	99.58	951	4	0	1	951	2109969	2109019	0.0	1735
BP0023	NZ_CP017168.1	99.58	951	4	0	1	951	2693773	2692823	0.0	1735
BP0023	NZ_CP017168.1	99.58	951	4	0	1	951	2724523	2723573	0.0	1735
BP0023	NZ_CP017168.1	99.58	951	4	0	1	951	3413539	3412589	0.0	1735
BP0023	NZ_CP017168.1	99.47	951	5	0	1	951	4026349	4025399	0.0	1729
BP0023	NZ_CP017168.1	99.89	935	1	0	1	935	2070533	2069599	0.0	1722
BP0023	NZ_CP017168.1	99.37	951	5	1	1	951	3007424	3006475	0.0	1722
