BP2673	NZ_CP013895.1	100.00	951	0	0	1	951	235420	236370	0.0	1757
BP2673	NZ_CP013895.1	100.00	951	0	0	1	951	2808656	2807706	0.0	1757
BP2673	NZ_CP013895.1	100.00	951	0	0	1	951	4037227	4038177	0.0	1757
BP2673	NZ_CP013895.1	99.89	951	1	0	1	951	3538732	3539682	0.0	1751
BP2673	NZ_CP013895.1	99.78	919	2	0	33	951	651739	652657	0.0	1687
BP2673	NZ_CP013895.1	100.00	835	0	0	33	867	79730	80564	0.0	1543
BP1388	NZ_CP013895.1	100.00	1017	0	0	1	1017	1002669	1001653	0.0	1879
BP1388	NZ_CP013895.1	100.00	1017	0	0	1	1017	1443263	1444279	0.0	1879
BP1388	NZ_CP013895.1	100.00	1017	0	0	1	1017	1871416	1870400	0.0	1879
BP1388	NZ_CP013895.1	100.00	1017	0	0	1	1017	2297795	2298811	0.0	1879
BP1388	NZ_CP013895.1	100.00	1017	0	0	1	1017	3450171	3449155	0.0	1879
BP1388	NZ_CP013895.1	99.90	1017	1	0	1	1017	888922	887906	0.0	1873
BP1388	NZ_CP013895.1	99.90	1017	1	0	1	1017	1062561	1061545	0.0	1873
BP1388	NZ_CP013895.1	99.90	1017	1	0	1	1017	1071927	1070911	0.0	1873
BP1388	NZ_CP013895.1	99.90	1017	1	0	1	1017	1419152	1418136	0.0	1873
BP1388	NZ_CP013895.1	99.90	1017	1	0	1	1017	2857067	2856051	0.0	1873
BP1388	NZ_CP013895.1	99.90	1017	1	0	1	1017	3842526	3843542	0.0	1873
BP1388	NZ_CP013895.1	99.80	1017	2	0	1	1017	2077820	2076804	0.0	1868
BP1388	NZ_CP013895.1	99.80	1017	2	0	1	1017	3467916	3468932	0.0	1868
BP1388	NZ_CP013895.1	99.71	1017	3	0	1	1017	115992	117008	0.0	1862
BP1388	NZ_CP013895.1	99.71	1017	3	0	1	1017	1080549	1081565	0.0	1862
BP1388	NZ_CP013895.1	99.71	1017	3	0	1	1017	3434622	3435638	0.0	1862
BP0023	NZ_CP013895.1	100.00	951	0	0	1	951	414383	413433	0.0	1757
BP0023	NZ_CP013895.1	100.00	951	0	0	1	951	431369	432319	0.0	1757
BP0023	NZ_CP013895.1	100.00	951	0	0	1	951	2091977	2091027	0.0	1757
BP0023	NZ_CP013895.1	100.00	951	0	0	1	951	2588818	2589768	0.0	1757
BP0023	NZ_CP013895.1	100.00	951	0	0	1	951	3709567	3710517	0.0	1757
BP0023	NZ_CP013895.1	100.00	950	0	0	1	950	1040165	1039216	0.0	1755
BP0023	NZ_CP013895.1	99.89	951	1	0	1	951	28233	27283	0.0	1751
BP0023	NZ_CP013895.1	99.89	951	1	0	1	951	79632	78682	0.0	1751
BP0023	NZ_CP013895.1	99.89	951	1	0	1	951	109425	108475	0.0	1751
BP0023	NZ_CP013895.1	99.89	951	1	0	1	951	137155	136205	0.0	1751
BP0023	NZ_CP013895.1	99.89	951	1	0	1	951	279137	278187	0.0	1751
BP0023	NZ_CP013895.1	99.89	951	1	0	1	951	449412	448462	0.0	1751
BP0023	NZ_CP013895.1	99.89	951	1	0	1	951	450461	449511	0.0	1751
BP0023	NZ_CP013895.1	99.89	951	1	0	1	951	477168	476218	0.0	1751
BP0023	NZ_CP013895.1	99.89	951	1	0	1	951	621849	622799	0.0	1751
BP0023	NZ_CP013895.1	99.89	951	1	0	1	951	683223	684173	0.0	1751
BP0023	NZ_CP013895.1	99.89	951	1	0	1	951	737950	737000	0.0	1751
BP0023	NZ_CP013895.1	99.89	951	1	0	1	951	760297	759347	0.0	1751
BP0023	NZ_CP013895.1	99.89	951	1	0	1	951	817860	816910	0.0	1751
BP0023	NZ_CP013895.1	99.89	951	1	0	1	951	936769	937719	0.0	1751
BP0023	NZ_CP013895.1	99.89	951	1	0	1	951	954931	955881	0.0	1751
BP0023	NZ_CP013895.1	99.89	951	1	0	1	951	979060	980010	0.0	1751
BP0023	NZ_CP013895.1	99.89	951	1	0	1	951	1000361	999411	0.0	1751
BP0023	NZ_CP013895.1	99.89	951	1	0	1	951	1048376	1049326	0.0	1751
BP0023	NZ_CP013895.1	99.89	951	1	0	1	951	1118927	1117977	0.0	1751
BP0023	NZ_CP013895.1	99.89	951	1	0	1	951	1178316	1177366	0.0	1751
BP0023	NZ_CP013895.1	99.89	951	1	0	1	951	1238258	1239208	0.0	1751
BP0023	NZ_CP013895.1	99.89	951	1	0	1	951	1354312	1353362	0.0	1751
BP0023	NZ_CP013895.1	99.89	951	1	0	1	951	1355361	1354411	0.0	1751
BP0023	NZ_CP013895.1	99.89	951	1	0	1	951	1449976	1449026	0.0	1751
BP0023	NZ_CP013895.1	99.89	951	1	0	1	951	1503464	1502514	0.0	1751
BP0023	NZ_CP013895.1	99.89	951	1	0	1	951	1549551	1550501	0.0	1751
BP0023	NZ_CP013895.1	99.89	951	1	0	1	951	1571973	1572923	0.0	1751
BP0023	NZ_CP013895.1	99.89	951	1	0	1	951	1600969	1601919	0.0	1751
BP0023	NZ_CP013895.1	99.89	951	1	0	1	951	1620200	1619250	0.0	1751
BP0023	NZ_CP013895.1	99.89	951	1	0	1	951	1667296	1666346	0.0	1751
BP0023	NZ_CP013895.1	99.89	951	1	0	1	951	1728276	1727326	0.0	1751
BP0023	NZ_CP013895.1	99.89	951	1	0	1	951	2004608	2005558	0.0	1751
BP0023	NZ_CP013895.1	99.89	951	1	0	1	951	2092630	2093580	0.0	1751
BP0023	NZ_CP013895.1	99.89	951	1	0	1	951	2115224	2114274	0.0	1751
BP0023	NZ_CP013895.1	99.89	951	1	0	1	951	2122145	2121195	0.0	1751
BP0023	NZ_CP013895.1	99.89	951	1	0	1	951	2202774	2201824	0.0	1751
BP0023	NZ_CP013895.1	99.89	951	1	0	1	951	2257059	2256109	0.0	1751
BP0023	NZ_CP013895.1	99.89	951	1	0	1	951	2281824	2280874	0.0	1751
BP0023	NZ_CP013895.1	99.89	951	1	0	1	951	2312437	2313387	0.0	1751
BP0023	NZ_CP013895.1	99.89	951	1	0	1	951	2561969	2561019	0.0	1751
BP0023	NZ_CP013895.1	99.89	951	1	0	1	951	2587769	2588719	0.0	1751
BP0023	NZ_CP013895.1	99.89	951	1	0	1	951	2839855	2838905	0.0	1751
BP0023	NZ_CP013895.1	99.89	951	1	0	1	951	2871186	2870236	0.0	1751
BP0023	NZ_CP013895.1	99.89	951	1	0	1	951	2912969	2912019	0.0	1751
BP0023	NZ_CP013895.1	99.89	951	1	0	1	951	2922616	2923566	0.0	1751
BP0023	NZ_CP013895.1	99.89	951	1	0	1	951	2959406	2958456	0.0	1751
BP0023	NZ_CP013895.1	99.89	951	1	0	1	951	2971352	2970402	0.0	1751
BP0023	NZ_CP013895.1	99.89	951	1	0	1	951	2996694	2997644	0.0	1751
BP0023	NZ_CP013895.1	99.89	951	1	0	1	951	3051541	3052491	0.0	1751
BP0023	NZ_CP013895.1	99.89	951	1	0	1	951	3094754	3093804	0.0	1751
BP0023	NZ_CP013895.1	99.89	951	1	0	1	951	3134059	3135009	0.0	1751
BP0023	NZ_CP013895.1	99.89	951	1	0	1	951	3153640	3154590	0.0	1751
BP0023	NZ_CP013895.1	99.89	951	1	0	1	951	3240156	3241106	0.0	1751
BP0023	NZ_CP013895.1	99.89	951	1	0	1	951	3297301	3296351	0.0	1751
BP0023	NZ_CP013895.1	99.89	951	1	0	1	951	3318058	3319008	0.0	1751
BP0023	NZ_CP013895.1	99.89	951	1	0	1	951	3482714	3481764	0.0	1751
BP0023	NZ_CP013895.1	99.89	951	1	0	1	951	3497095	3496145	0.0	1751
BP0023	NZ_CP013895.1	99.89	951	1	0	1	951	3576494	3577444	0.0	1751
BP0023	NZ_CP013895.1	99.89	951	1	0	1	951	3590192	3589242	0.0	1751
BP0023	NZ_CP013895.1	99.89	951	1	0	1	951	3591241	3590291	0.0	1751
BP0023	NZ_CP013895.1	99.89	951	1	0	1	951	3664622	3665572	0.0	1751
BP0023	NZ_CP013895.1	99.89	951	1	0	1	951	3758673	3759623	0.0	1751
BP0023	NZ_CP013895.1	99.89	951	1	0	1	951	3790409	3791359	0.0	1751
BP0023	NZ_CP013895.1	99.89	951	1	0	1	951	3794395	3793445	0.0	1751
BP0023	NZ_CP013895.1	99.89	951	1	0	1	951	3958541	3959491	0.0	1751
BP0023	NZ_CP013895.1	99.89	951	1	0	1	951	4038276	4039226	0.0	1751
BP0023	NZ_CP013895.1	99.89	951	1	0	1	951	4039325	4040275	0.0	1751
BP0023	NZ_CP013895.1	99.89	951	1	0	1	951	4073617	4074567	0.0	1751
BP0023	NZ_CP013895.1	99.89	950	1	0	1	950	422195	423144	0.0	1749
BP0023	NZ_CP013895.1	99.89	950	1	0	1	950	679387	680336	0.0	1749
BP0023	NZ_CP013895.1	99.89	950	1	0	1	950	778561	779510	0.0	1749
BP0023	NZ_CP013895.1	99.89	950	1	0	1	950	1154279	1155228	0.0	1749
BP0023	NZ_CP013895.1	99.89	950	1	0	1	950	1902460	1903409	0.0	1749
BP0023	NZ_CP013895.1	99.89	950	1	0	1	950	2536226	2537175	0.0	1749
BP0023	NZ_CP013895.1	99.89	950	1	0	1	950	3290836	3289887	0.0	1749
BP0023	NZ_CP013895.1	99.89	950	1	0	1	950	3309831	3308882	0.0	1749
BP0023	NZ_CP013895.1	99.89	949	1	0	1	949	1963172	1962224	0.0	1748
BP0023	NZ_CP013895.1	99.79	951	2	0	1	951	34626	35576	0.0	1746
BP0023	NZ_CP013895.1	99.79	951	2	0	1	951	59495	58545	0.0	1746
BP0023	NZ_CP013895.1	99.79	951	2	0	1	951	123120	122170	0.0	1746
BP0023	NZ_CP013895.1	99.79	951	2	0	1	951	166890	165940	0.0	1746
BP0023	NZ_CP013895.1	99.79	951	2	0	1	951	175348	176298	0.0	1746
BP0023	NZ_CP013895.1	99.79	951	2	0	1	951	195452	196402	0.0	1746
BP0023	NZ_CP013895.1	99.79	951	2	0	1	951	226450	225500	0.0	1746
BP0023	NZ_CP013895.1	99.79	951	2	0	1	951	234383	235333	0.0	1746
BP0023	NZ_CP013895.1	99.79	951	2	0	1	951	266620	267570	0.0	1746
BP0023	NZ_CP013895.1	99.79	951	2	0	1	951	287970	287020	0.0	1746
BP0023	NZ_CP013895.1	99.79	951	2	0	1	951	302549	301599	0.0	1746
BP0023	NZ_CP013895.1	99.79	951	2	0	1	951	303117	304067	0.0	1746
BP0023	NZ_CP013895.1	99.79	951	2	0	1	951	331431	332381	0.0	1746
BP0023	NZ_CP013895.1	99.79	951	2	0	1	951	356915	355965	0.0	1746
BP0023	NZ_CP013895.1	99.79	951	2	0	1	951	367301	366351	0.0	1746
BP0023	NZ_CP013895.1	99.79	951	2	0	1	951	392854	391904	0.0	1746
BP0023	NZ_CP013895.1	99.79	951	2	0	1	951	466950	467900	0.0	1746
BP0023	NZ_CP013895.1	99.79	951	2	0	1	951	524402	523452	0.0	1746
BP0023	NZ_CP013895.1	99.79	951	2	0	1	951	565934	564984	0.0	1746
BP0023	NZ_CP013895.1	99.79	951	2	0	1	951	591467	592417	0.0	1746
BP0023	NZ_CP013895.1	99.79	951	2	0	1	951	638788	637838	0.0	1746
BP0023	NZ_CP013895.1	99.79	951	2	0	1	951	691419	690469	0.0	1746
BP0023	NZ_CP013895.1	99.79	951	2	0	1	951	721362	722312	0.0	1746
BP0023	NZ_CP013895.1	99.79	951	2	0	1	951	753396	754346	0.0	1746
BP0023	NZ_CP013895.1	99.79	951	2	0	1	951	763317	764267	0.0	1746
BP0023	NZ_CP013895.1	99.79	951	2	0	1	951	856195	857145	0.0	1746
BP0023	NZ_CP013895.1	99.79	951	2	0	1	951	864882	863932	0.0	1746
BP0023	NZ_CP013895.1	99.79	951	2	0	1	951	904508	905458	0.0	1746
BP0023	NZ_CP013895.1	99.79	951	2	0	1	951	915071	916021	0.0	1746
BP0023	NZ_CP013895.1	99.79	951	2	0	1	951	940473	941423	0.0	1746
BP0023	NZ_CP013895.1	99.79	951	2	0	1	951	1027424	1026474	0.0	1746
BP0023	NZ_CP013895.1	99.79	951	2	0	1	951	1113244	1114194	0.0	1746
BP0023	NZ_CP013895.1	99.79	951	2	0	1	951	1126610	1127560	0.0	1746
BP0023	NZ_CP013895.1	99.79	951	2	0	1	951	1159577	1158627	0.0	1746
BP0023	NZ_CP013895.1	99.79	951	2	0	1	951	1198026	1198976	0.0	1746
BP0023	NZ_CP013895.1	99.79	951	2	0	1	951	1217864	1218814	0.0	1746
BP0023	NZ_CP013895.1	99.79	951	2	0	1	951	1319949	1318999	0.0	1746
BP0023	NZ_CP013895.1	99.79	951	2	0	1	951	1383477	1384427	0.0	1746
BP0023	NZ_CP013895.1	99.79	951	2	0	1	951	1415488	1414538	0.0	1746
BP0023	NZ_CP013895.1	99.79	951	2	0	1	951	1515788	1516738	0.0	1746
BP0023	NZ_CP013895.1	99.79	951	2	0	1	951	1554336	1555286	0.0	1746
BP0023	NZ_CP013895.1	99.79	951	2	0	1	951	1557362	1556412	0.0	1746
BP0023	NZ_CP013895.1	99.79	951	2	0	1	951	1615232	1616182	0.0	1746
BP0023	NZ_CP013895.1	99.79	951	2	0	1	951	1635819	1636769	0.0	1746
BP0023	NZ_CP013895.1	99.79	951	2	0	1	951	1657123	1658073	0.0	1746
BP0023	NZ_CP013895.1	99.79	951	2	0	1	951	1707524	1706574	0.0	1746
BP0023	NZ_CP013895.1	99.79	951	2	0	1	951	1766133	1767083	0.0	1746
BP0023	NZ_CP013895.1	99.79	951	2	0	1	951	1780495	1781445	0.0	1746
BP0023	NZ_CP013895.1	99.79	951	2	0	1	951	1788868	1787918	0.0	1746
BP0023	NZ_CP013895.1	99.79	951	2	0	1	951	1810415	1809465	0.0	1746
BP0023	NZ_CP013895.1	99.79	951	2	0	1	951	1972668	1971718	0.0	1746
BP0023	NZ_CP013895.1	99.79	951	2	0	1	951	2059131	2060081	0.0	1746
BP0023	NZ_CP013895.1	99.79	951	2	0	1	951	2060303	2061253	0.0	1746
BP0023	NZ_CP013895.1	99.79	951	2	0	1	951	2073700	2072750	0.0	1746
BP0023	NZ_CP013895.1	99.79	951	2	0	1	951	2133350	2134300	0.0	1746
BP0023	NZ_CP013895.1	99.79	951	2	0	1	951	2134399	2135349	0.0	1746
BP0023	NZ_CP013895.1	99.79	951	2	0	1	951	2164624	2165574	0.0	1746
BP0023	NZ_CP013895.1	99.79	951	2	0	1	951	2165673	2166623	0.0	1746
BP0023	NZ_CP013895.1	99.79	951	2	0	1	951	2219003	2218053	0.0	1746
BP0023	NZ_CP013895.1	99.79	951	2	0	1	951	2267372	2266422	0.0	1746
BP0023	NZ_CP013895.1	99.79	951	2	0	1	951	2304712	2303762	0.0	1746
BP0023	NZ_CP013895.1	99.79	951	2	0	1	951	2313486	2314436	0.0	1746
BP0023	NZ_CP013895.1	99.79	951	2	0	1	951	2361704	2360754	0.0	1746
BP0023	NZ_CP013895.1	99.79	951	2	0	1	951	2388569	2387619	0.0	1746
BP0023	NZ_CP013895.1	99.79	951	2	0	1	951	2415127	2416077	0.0	1746
BP0023	NZ_CP013895.1	99.79	951	2	0	1	951	2601946	2600996	0.0	1746
BP0023	NZ_CP013895.1	99.79	951	2	0	1	951	2643125	2642175	0.0	1746
BP0023	NZ_CP013895.1	99.79	951	2	0	1	951	2689014	2688064	0.0	1746
BP0023	NZ_CP013895.1	99.79	951	2	0	1	951	2699569	2698619	0.0	1746
BP0023	NZ_CP013895.1	99.79	951	2	0	1	951	2701628	2702578	0.0	1746
BP0023	NZ_CP013895.1	99.79	951	2	0	1	951	2706909	2705959	0.0	1746
BP0023	NZ_CP013895.1	99.79	951	2	0	1	951	2790306	2791256	0.0	1746
BP0023	NZ_CP013895.1	99.79	951	2	0	1	951	2814979	2814029	0.0	1746
BP0023	NZ_CP013895.1	99.79	951	2	0	1	951	2860211	2861161	0.0	1746
BP0023	NZ_CP013895.1	99.79	951	2	0	1	951	2861260	2862210	0.0	1746
BP0023	NZ_CP013895.1	99.79	951	2	0	1	951	2887661	2886711	0.0	1746
BP0023	NZ_CP013895.1	99.79	951	2	0	1	951	2928069	2927119	0.0	1746
BP0023	NZ_CP013895.1	99.79	951	2	0	1	951	2994730	2993780	0.0	1746
BP0023	NZ_CP013895.1	99.79	951	2	0	1	951	3002146	3001196	0.0	1746
BP0023	NZ_CP013895.1	99.79	951	2	0	1	951	3033831	3034781	0.0	1746
BP0023	NZ_CP013895.1	99.79	951	2	0	1	951	3125778	3126728	0.0	1746
BP0023	NZ_CP013895.1	99.79	951	2	0	1	951	3187613	3188563	0.0	1746
BP0023	NZ_CP013895.1	99.79	951	2	0	1	951	3236708	3237658	0.0	1746
BP0023	NZ_CP013895.1	99.79	951	2	0	1	951	3239107	3240057	0.0	1746
BP0023	NZ_CP013895.1	99.79	951	2	0	1	951	3247593	3246643	0.0	1746
BP0023	NZ_CP013895.1	99.79	951	2	0	1	951	3248642	3247692	0.0	1746
BP0023	NZ_CP013895.1	99.79	951	2	0	1	951	3271644	3272594	0.0	1746
BP0023	NZ_CP013895.1	99.79	951	2	0	1	951	3284424	3285374	0.0	1746
BP0023	NZ_CP013895.1	99.79	951	2	0	1	951	3304543	3305493	0.0	1746
BP0023	NZ_CP013895.1	99.79	951	2	0	1	951	3385238	3386188	0.0	1746
BP0023	NZ_CP013895.1	99.79	951	2	0	1	951	3406050	3405100	0.0	1746
BP0023	NZ_CP013895.1	99.79	951	2	0	1	951	3429034	3429984	0.0	1746
BP0023	NZ_CP013895.1	99.79	951	2	0	1	951	3438978	3438028	0.0	1746
BP0023	NZ_CP013895.1	99.79	951	2	0	1	951	3519372	3520322	0.0	1746
BP0023	NZ_CP013895.1	99.79	951	2	0	1	951	3537441	3538391	0.0	1746
BP0023	NZ_CP013895.1	99.79	951	2	0	1	951	3563105	3562155	0.0	1746
BP0023	NZ_CP013895.1	99.79	951	2	0	1	951	3629420	3628470	0.0	1746
BP0023	NZ_CP013895.1	99.79	951	2	0	1	951	3723806	3724756	0.0	1746
BP0023	NZ_CP013895.1	99.79	951	2	0	1	951	3735090	3734140	0.0	1746
BP0023	NZ_CP013895.1	99.79	951	2	0	1	951	3737553	3738503	0.0	1746
BP0023	NZ_CP013895.1	99.79	951	2	0	1	951	3773604	3774554	0.0	1746
BP0023	NZ_CP013895.1	99.79	951	2	0	1	951	3830070	3831020	0.0	1746
BP0023	NZ_CP013895.1	99.79	951	2	0	1	951	3930483	3929533	0.0	1746
BP0023	NZ_CP013895.1	99.79	951	2	0	1	951	4086190	4085240	0.0	1746
BP0023	NZ_CP013895.1	99.79	951	1	1	1	951	51190	52139	0.0	1744
BP0023	NZ_CP013895.1	99.79	950	2	0	1	950	2968166	2969115	0.0	1744
BP0023	NZ_CP013895.1	99.79	950	2	0	1	950	2981128	2982077	0.0	1744
BP0023	NZ_CP013895.1	99.79	950	2	0	1	950	3028393	3027444	0.0	1744
BP0023	NZ_CP013895.1	99.79	950	2	0	1	950	3484471	3485420	0.0	1744
BP0023	NZ_CP013895.1	99.79	950	2	0	1	950	3550496	3551445	0.0	1744
BP0023	NZ_CP013895.1	99.79	950	2	0	1	950	3921942	3920993	0.0	1744
BP0023	NZ_CP013895.1	99.89	946	1	0	1	946	402204	403149	0.0	1742
BP0023	NZ_CP013895.1	99.89	946	1	0	1	946	3710617	3711562	0.0	1742
BP0023	NZ_CP013895.1	99.68	951	3	0	1	951	44712	45662	0.0	1740
BP0023	NZ_CP013895.1	99.68	951	3	0	1	951	70133	71083	0.0	1740
BP0023	NZ_CP013895.1	99.68	951	3	0	1	951	206682	207632	0.0	1740
BP0023	NZ_CP013895.1	99.68	951	3	0	1	951	237317	236367	0.0	1740
BP0023	NZ_CP013895.1	99.68	951	3	0	1	951	553609	554559	0.0	1740
BP0023	NZ_CP013895.1	99.68	951	3	0	1	951	564885	563935	0.0	1740
BP0023	NZ_CP013895.1	99.68	951	3	0	1	951	816811	815861	0.0	1740
BP0023	NZ_CP013895.1	99.68	951	3	0	1	951	823447	822497	0.0	1740
BP0023	NZ_CP013895.1	99.68	951	3	0	1	951	958687	959637	0.0	1740
BP0023	NZ_CP013895.1	99.68	951	3	0	1	951	1097989	1097039	0.0	1740
BP0023	NZ_CP013895.1	99.68	951	3	0	1	951	1263380	1264330	0.0	1740
BP0023	NZ_CP013895.1	99.68	951	3	0	1	951	1328588	1327638	0.0	1740
BP0023	NZ_CP013895.1	99.68	951	3	0	1	951	1387584	1388534	0.0	1740
BP0023	NZ_CP013895.1	99.68	951	3	0	1	951	1496070	1497020	0.0	1740
BP0023	NZ_CP013895.1	99.68	951	3	0	1	951	1504513	1503563	0.0	1740
BP0023	NZ_CP013895.1	99.68	951	3	0	1	951	1703246	1704196	0.0	1740
BP0023	NZ_CP013895.1	99.68	951	3	0	1	951	1712305	1711355	0.0	1740
BP0023	NZ_CP013895.1	99.68	951	3	0	1	951	1750018	1749068	0.0	1740
BP0023	NZ_CP013895.1	99.68	951	3	0	1	951	1757886	1758836	0.0	1740
BP0023	NZ_CP013895.1	99.68	951	3	0	1	951	1928336	1929286	0.0	1740
BP0023	NZ_CP013895.1	99.68	951	3	0	1	951	1997934	1998884	0.0	1740
BP0023	NZ_CP013895.1	99.68	951	3	0	1	951	2041291	2040341	0.0	1740
BP0023	NZ_CP013895.1	99.68	951	3	0	1	951	2203909	2204859	0.0	1740
BP0023	NZ_CP013895.1	99.68	951	3	0	1	951	2353550	2354500	0.0	1740
BP0023	NZ_CP013895.1	99.68	951	3	0	1	951	2462198	2463148	0.0	1740
BP0023	NZ_CP013895.1	99.68	951	3	0	1	951	2496459	2495509	0.0	1740
BP0023	NZ_CP013895.1	99.68	951	3	0	1	951	2523758	2524708	0.0	1740
BP0023	NZ_CP013895.1	99.68	951	3	0	1	951	2607436	2608386	0.0	1740
BP0023	NZ_CP013895.1	99.68	951	3	0	1	951	2733794	2732844	0.0	1740
BP0023	NZ_CP013895.1	99.68	951	3	0	1	951	2755830	2754880	0.0	1740
BP0023	NZ_CP013895.1	99.68	951	3	0	1	951	2806759	2807709	0.0	1740
BP0023	NZ_CP013895.1	99.68	951	3	0	1	951	2872235	2871285	0.0	1740
BP0023	NZ_CP013895.1	99.68	951	3	0	1	951	2951312	2950362	0.0	1740
BP0023	NZ_CP013895.1	99.68	951	3	0	1	951	2989297	2988347	0.0	1740
BP0023	NZ_CP013895.1	99.68	951	3	0	1	951	3012686	3011736	0.0	1740
BP0023	NZ_CP013895.1	99.68	951	3	0	1	951	3539781	3540731	0.0	1740
BP0023	NZ_CP013895.1	99.68	951	3	0	1	951	3847947	3846997	0.0	1740
BP0023	NZ_CP013895.1	99.68	951	2	1	1	951	35675	36624	0.0	1738
BP0023	NZ_CP013895.1	99.68	951	2	1	1	951	750187	749238	0.0	1738
BP0023	NZ_CP013895.1	99.68	951	2	1	1	951	1218913	1219862	0.0	1738
BP0023	NZ_CP013895.1	99.68	951	2	1	1	951	1852534	1853483	0.0	1738
BP0023	NZ_CP013895.1	99.68	951	2	1	1	951	3323334	3322385	0.0	1738
BP0023	NZ_CP013895.1	99.68	950	3	0	1	950	3760783	3761732	0.0	1738
BP0023	NZ_CP013895.1	99.79	946	2	0	1	946	3504433	3503488	0.0	1736
BP0023	NZ_CP013895.1	99.58	951	4	0	1	951	651641	650691	0.0	1735
BP0023	NZ_CP013895.1	99.58	951	4	0	1	951	668167	667217	0.0	1735
BP0023	NZ_CP013895.1	99.58	951	4	0	1	951	1337130	1338080	0.0	1735
BP0023	NZ_CP013895.1	99.58	951	4	0	1	951	1493207	1492257	0.0	1735
BP0023	NZ_CP013895.1	99.58	951	4	0	1	951	1866596	1867546	0.0	1735
BP0023	NZ_CP013895.1	99.58	951	4	0	1	951	1996885	1997835	0.0	1735
BP0023	NZ_CP013895.1	99.58	951	4	0	1	951	2114175	2113225	0.0	1735
BP0023	NZ_CP013895.1	99.58	951	4	0	1	951	2728732	2727782	0.0	1735
BP0023	NZ_CP013895.1	99.58	951	4	0	1	951	3421948	3420998	0.0	1735
BP0023	NZ_CP013895.1	99.58	951	4	0	1	951	4033709	4032759	0.0	1735
BP0023	NZ_CP013895.1	99.58	951	3	1	1	951	2697978	2697029	0.0	1733
BP0023	NZ_CP013895.1	99.89	935	1	0	1	935	2074739	2073805	0.0	1722
BP0023	NZ_CP013895.1	99.37	951	5	1	1	951	3013734	3012785	0.0	1722
