BP2673	NZ_CP017402.1	100.00	951	0	0	1	951	236484	237434	0.0	1757
BP2673	NZ_CP017402.1	100.00	951	0	0	1	951	2830168	2829218	0.0	1757
BP2673	NZ_CP017402.1	100.00	951	0	0	1	951	4056673	4057623	0.0	1757
BP2673	NZ_CP017402.1	99.89	947	1	0	1	947	3558177	3559123	0.0	1744
BP2673	NZ_CP017402.1	99.78	919	2	0	33	951	651754	652672	0.0	1687
BP2673	NZ_CP017402.1	100.00	835	0	0	33	867	80781	81615	0.0	1543
BP1388	NZ_CP017402.1	100.00	1017	0	0	1	1017	1001644	1000628	0.0	1879
BP1388	NZ_CP017402.1	100.00	1017	0	0	1	1017	1061537	1060521	0.0	1879
BP1388	NZ_CP017402.1	100.00	1017	0	0	1	1017	1444326	1445342	0.0	1879
BP1388	NZ_CP017402.1	100.00	1017	0	0	1	1017	1789522	1788506	0.0	1879
BP1388	NZ_CP017402.1	100.00	1017	0	0	1	1017	2236550	2237566	0.0	1879
BP1388	NZ_CP017402.1	100.00	1017	0	0	1	1017	3469616	3468600	0.0	1879
BP1388	NZ_CP017402.1	99.90	1017	1	0	1	1017	888938	887922	0.0	1873
BP1388	NZ_CP017402.1	99.90	1017	1	0	1	1017	1420215	1419199	0.0	1873
BP1388	NZ_CP017402.1	99.90	1017	1	0	1	1017	2191751	2190735	0.0	1873
BP1388	NZ_CP017402.1	99.80	1017	2	0	1	1017	117043	118059	0.0	1868
BP1388	NZ_CP017402.1	99.80	1017	2	0	1	1017	1070903	1069887	0.0	1868
BP1388	NZ_CP017402.1	99.80	1017	2	0	1	1017	1079525	1080541	0.0	1868
BP1388	NZ_CP017402.1	99.80	1017	2	0	1	1017	2007398	2008414	0.0	1868
BP1388	NZ_CP017402.1	99.80	1017	2	0	1	1017	2879628	2878612	0.0	1868
BP1388	NZ_CP017402.1	99.80	1017	2	0	1	1017	3454068	3455084	0.0	1868
BP1388	NZ_CP017402.1	99.80	1017	2	0	1	1017	3487361	3488377	0.0	1868
BP1388	NZ_CP017402.1	99.80	1017	2	0	1	1017	3860923	3861939	0.0	1868
BP0023	NZ_CP017402.1	100.00	951	0	0	1	951	28233	27283	0.0	1757
BP0023	NZ_CP017402.1	100.00	951	0	0	1	951	415448	414498	0.0	1757
BP0023	NZ_CP017402.1	100.00	951	0	0	1	951	432434	433384	0.0	1757
BP0023	NZ_CP017402.1	100.00	951	0	0	1	951	1993241	1994191	0.0	1757
BP0023	NZ_CP017402.1	100.00	951	0	0	1	951	2610330	2611280	0.0	1757
BP0023	NZ_CP017402.1	100.00	950	0	0	1	950	1039141	1038192	0.0	1755
BP0023	NZ_CP017402.1	99.89	951	1	0	1	951	80683	79733	0.0	1751
BP0023	NZ_CP017402.1	99.89	951	1	0	1	951	124171	123221	0.0	1751
BP0023	NZ_CP017402.1	99.89	951	1	0	1	951	138206	137256	0.0	1751
BP0023	NZ_CP017402.1	99.89	951	1	0	1	951	235447	236397	0.0	1751
BP0023	NZ_CP017402.1	99.89	951	1	0	1	951	280201	279251	0.0	1751
BP0023	NZ_CP017402.1	99.89	951	1	0	1	951	357979	357029	0.0	1751
BP0023	NZ_CP017402.1	99.89	951	1	0	1	951	393919	392969	0.0	1751
BP0023	NZ_CP017402.1	99.89	951	1	0	1	951	450477	449527	0.0	1751
BP0023	NZ_CP017402.1	99.89	951	1	0	1	951	451526	450576	0.0	1751
BP0023	NZ_CP017402.1	99.89	951	1	0	1	951	478233	477283	0.0	1751
BP0023	NZ_CP017402.1	99.89	951	1	0	1	951	621864	622814	0.0	1751
BP0023	NZ_CP017402.1	99.89	951	1	0	1	951	683238	684188	0.0	1751
BP0023	NZ_CP017402.1	99.89	951	1	0	1	951	739014	738064	0.0	1751
BP0023	NZ_CP017402.1	99.89	951	1	0	1	951	856211	857161	0.0	1751
BP0023	NZ_CP017402.1	99.89	951	1	0	1	951	936793	937743	0.0	1751
BP0023	NZ_CP017402.1	99.89	951	1	0	1	951	954955	955905	0.0	1751
BP0023	NZ_CP017402.1	99.89	951	1	0	1	951	1047352	1048302	0.0	1751
BP0023	NZ_CP017402.1	99.89	951	1	0	1	951	1097998	1097048	0.0	1751
BP0023	NZ_CP017402.1	99.89	951	1	0	1	951	1118936	1117986	0.0	1751
BP0023	NZ_CP017402.1	99.89	951	1	0	1	951	1126619	1127569	0.0	1751
BP0023	NZ_CP017402.1	99.89	951	1	0	1	951	1178329	1177379	0.0	1751
BP0023	NZ_CP017402.1	99.89	951	1	0	1	951	1179378	1178428	0.0	1751
BP0023	NZ_CP017402.1	99.89	951	1	0	1	951	1356424	1355474	0.0	1751
BP0023	NZ_CP017402.1	99.89	951	1	0	1	951	1451039	1450089	0.0	1751
BP0023	NZ_CP017402.1	99.89	951	1	0	1	951	1504527	1503577	0.0	1751
BP0023	NZ_CP017402.1	99.89	951	1	0	1	951	1550613	1551563	0.0	1751
BP0023	NZ_CP017402.1	99.89	951	1	0	1	951	1573035	1573985	0.0	1751
BP0023	NZ_CP017402.1	99.89	951	1	0	1	951	1602031	1602981	0.0	1751
BP0023	NZ_CP017402.1	99.89	951	1	0	1	951	1636881	1637831	0.0	1751
BP0023	NZ_CP017402.1	99.89	951	1	0	1	951	1669407	1668457	0.0	1751
BP0023	NZ_CP017402.1	99.89	951	1	0	1	951	1730387	1729437	0.0	1751
BP0023	NZ_CP017402.1	99.89	951	1	0	1	951	1782605	1783555	0.0	1751
BP0023	NZ_CP017402.1	99.89	951	1	0	1	951	1805493	1806443	0.0	1751
BP0023	NZ_CP017402.1	99.89	951	1	0	1	951	1830258	1831208	0.0	1751
BP0023	NZ_CP017402.1	99.89	951	1	0	1	951	1885592	1886542	0.0	1751
BP0023	NZ_CP017402.1	99.89	951	1	0	1	951	1992588	1991638	0.0	1751
BP0023	NZ_CP017402.1	99.89	951	1	0	1	951	2120982	2121932	0.0	1751
BP0023	NZ_CP017402.1	99.89	951	1	0	1	951	2205506	2204556	0.0	1751
BP0023	NZ_CP017402.1	99.89	951	1	0	1	951	2384264	2383314	0.0	1751
BP0023	NZ_CP017402.1	99.89	951	1	0	1	951	2584530	2583580	0.0	1751
BP0023	NZ_CP017402.1	99.89	951	1	0	1	951	2862416	2861466	0.0	1751
BP0023	NZ_CP017402.1	99.89	951	1	0	1	951	2882772	2883722	0.0	1751
BP0023	NZ_CP017402.1	99.89	951	1	0	1	951	2934481	2933531	0.0	1751
BP0023	NZ_CP017402.1	99.89	951	1	0	1	951	2944128	2945078	0.0	1751
BP0023	NZ_CP017402.1	99.89	951	1	0	1	951	2992864	2991914	0.0	1751
BP0023	NZ_CP017402.1	99.89	951	1	0	1	951	3019255	3020205	0.0	1751
BP0023	NZ_CP017402.1	99.89	951	1	0	1	951	3073054	3074004	0.0	1751
BP0023	NZ_CP017402.1	99.89	951	1	0	1	951	3116267	3115317	0.0	1751
BP0023	NZ_CP017402.1	99.89	951	1	0	1	951	3175183	3176133	0.0	1751
BP0023	NZ_CP017402.1	99.89	951	1	0	1	951	3261699	3262649	0.0	1751
BP0023	NZ_CP017402.1	99.89	951	1	0	1	951	3316746	3315796	0.0	1751
BP0023	NZ_CP017402.1	99.89	951	1	0	1	951	3323988	3324938	0.0	1751
BP0023	NZ_CP017402.1	99.89	951	1	0	1	951	3337503	3338453	0.0	1751
BP0023	NZ_CP017402.1	99.89	951	1	0	1	951	3502159	3501209	0.0	1751
BP0023	NZ_CP017402.1	99.89	951	1	0	1	951	3516540	3515590	0.0	1751
BP0023	NZ_CP017402.1	99.89	951	1	0	1	951	3595940	3596890	0.0	1751
BP0023	NZ_CP017402.1	99.89	951	1	0	1	951	3609638	3608688	0.0	1751
BP0023	NZ_CP017402.1	99.89	951	1	0	1	951	3647817	3646867	0.0	1751
BP0023	NZ_CP017402.1	99.89	951	1	0	1	951	3683020	3683970	0.0	1751
BP0023	NZ_CP017402.1	99.89	951	1	0	1	951	3753487	3752537	0.0	1751
BP0023	NZ_CP017402.1	99.89	951	1	0	1	951	3777070	3778020	0.0	1751
BP0023	NZ_CP017402.1	99.89	951	1	0	1	951	3808806	3809756	0.0	1751
BP0023	NZ_CP017402.1	99.89	951	1	0	1	951	3848467	3849417	0.0	1751
BP0023	NZ_CP017402.1	99.89	951	1	0	1	951	3866344	3865394	0.0	1751
BP0023	NZ_CP017402.1	99.89	951	1	0	1	951	3948880	3947930	0.0	1751
BP0023	NZ_CP017402.1	99.89	951	1	0	1	951	4018614	4017664	0.0	1751
BP0023	NZ_CP017402.1	99.89	951	1	0	1	951	4057722	4058672	0.0	1751
BP0023	NZ_CP017402.1	99.89	951	1	0	1	951	4092014	4092964	0.0	1751
BP0023	NZ_CP017402.1	99.89	950	1	0	1	950	423260	424209	0.0	1749
BP0023	NZ_CP017402.1	99.89	950	1	0	1	950	679402	680351	0.0	1749
BP0023	NZ_CP017402.1	99.89	950	1	0	1	950	779626	780575	0.0	1749
BP0023	NZ_CP017402.1	99.89	950	1	0	1	950	1154288	1155237	0.0	1749
BP0023	NZ_CP017402.1	99.89	950	1	0	1	950	2181711	2180762	0.0	1749
BP0023	NZ_CP017402.1	99.89	950	1	0	1	950	2558787	2559736	0.0	1749
BP0023	NZ_CP017402.1	99.89	950	1	0	1	950	3503916	3504865	0.0	1749
BP0023	NZ_CP017402.1	99.79	951	2	0	1	951	34626	35576	0.0	1746
BP0023	NZ_CP017402.1	99.79	951	2	0	1	951	44713	45663	0.0	1746
BP0023	NZ_CP017402.1	99.79	951	2	0	1	951	45762	46712	0.0	1746
BP0023	NZ_CP017402.1	99.79	951	2	0	1	951	52240	53190	0.0	1746
BP0023	NZ_CP017402.1	99.79	951	2	0	1	951	60546	59596	0.0	1746
BP0023	NZ_CP017402.1	99.79	951	2	0	1	951	71184	72134	0.0	1746
BP0023	NZ_CP017402.1	99.79	951	2	0	1	951	110476	109526	0.0	1746
BP0023	NZ_CP017402.1	99.79	951	2	0	1	951	167941	166991	0.0	1746
BP0023	NZ_CP017402.1	99.79	951	2	0	1	951	176399	177349	0.0	1746
BP0023	NZ_CP017402.1	99.79	951	2	0	1	951	227514	226564	0.0	1746
BP0023	NZ_CP017402.1	99.79	951	2	0	1	951	267684	268634	0.0	1746
BP0023	NZ_CP017402.1	99.79	951	2	0	1	951	289034	288084	0.0	1746
BP0023	NZ_CP017402.1	99.79	951	2	0	1	951	303613	302663	0.0	1746
BP0023	NZ_CP017402.1	99.79	951	2	0	1	951	304181	305131	0.0	1746
BP0023	NZ_CP017402.1	99.79	951	2	0	1	951	332495	333445	0.0	1746
BP0023	NZ_CP017402.1	99.79	951	2	0	1	951	368366	367416	0.0	1746
BP0023	NZ_CP017402.1	99.79	951	2	0	1	951	468015	468965	0.0	1746
BP0023	NZ_CP017402.1	99.79	951	2	0	1	951	525467	524517	0.0	1746
BP0023	NZ_CP017402.1	99.79	951	2	0	1	951	554674	555624	0.0	1746
BP0023	NZ_CP017402.1	99.79	951	2	0	1	951	591483	592433	0.0	1746
BP0023	NZ_CP017402.1	99.79	951	2	0	1	951	638803	637853	0.0	1746
BP0023	NZ_CP017402.1	99.79	951	2	0	1	951	692483	691533	0.0	1746
BP0023	NZ_CP017402.1	99.79	951	2	0	1	951	722426	723376	0.0	1746
BP0023	NZ_CP017402.1	99.79	951	2	0	1	951	751252	750302	0.0	1746
BP0023	NZ_CP017402.1	99.79	951	2	0	1	951	761362	760412	0.0	1746
BP0023	NZ_CP017402.1	99.79	951	2	0	1	951	764382	765332	0.0	1746
BP0023	NZ_CP017402.1	99.79	951	2	0	1	951	823463	822513	0.0	1746
BP0023	NZ_CP017402.1	99.79	951	2	0	1	951	864898	863948	0.0	1746
BP0023	NZ_CP017402.1	99.79	951	2	0	1	951	904524	905474	0.0	1746
BP0023	NZ_CP017402.1	99.79	951	2	0	1	951	915087	916037	0.0	1746
BP0023	NZ_CP017402.1	99.79	951	2	0	1	951	940497	941447	0.0	1746
BP0023	NZ_CP017402.1	99.79	951	2	0	1	951	979084	980034	0.0	1746
BP0023	NZ_CP017402.1	99.79	951	2	0	1	951	1113253	1114203	0.0	1746
BP0023	NZ_CP017402.1	99.79	951	2	0	1	951	1159586	1158636	0.0	1746
BP0023	NZ_CP017402.1	99.79	951	2	0	1	951	1199088	1200038	0.0	1746
BP0023	NZ_CP017402.1	99.79	951	2	0	1	951	1200137	1201087	0.0	1746
BP0023	NZ_CP017402.1	99.79	951	2	0	1	951	1201186	1202136	0.0	1746
BP0023	NZ_CP017402.1	99.79	951	2	0	1	951	1240370	1241320	0.0	1746
BP0023	NZ_CP017402.1	99.79	951	2	0	1	951	1322061	1321111	0.0	1746
BP0023	NZ_CP017402.1	99.79	951	2	0	1	951	1384540	1385490	0.0	1746
BP0023	NZ_CP017402.1	99.79	951	2	0	1	951	1416551	1415601	0.0	1746
BP0023	NZ_CP017402.1	99.79	951	2	0	1	951	1497133	1498083	0.0	1746
BP0023	NZ_CP017402.1	99.79	951	2	0	1	951	1516850	1517800	0.0	1746
BP0023	NZ_CP017402.1	99.79	951	2	0	1	951	1555398	1556348	0.0	1746
BP0023	NZ_CP017402.1	99.79	951	2	0	1	951	1558424	1557474	0.0	1746
BP0023	NZ_CP017402.1	99.79	951	2	0	1	951	1616294	1617244	0.0	1746
BP0023	NZ_CP017402.1	99.79	951	2	0	1	951	1621262	1620312	0.0	1746
BP0023	NZ_CP017402.1	99.79	951	2	0	1	951	1659234	1660184	0.0	1746
BP0023	NZ_CP017402.1	99.79	951	2	0	1	951	1705357	1706307	0.0	1746
BP0023	NZ_CP017402.1	99.79	951	2	0	1	951	1709635	1708685	0.0	1746
BP0023	NZ_CP017402.1	99.79	951	2	0	1	951	1768243	1769193	0.0	1746
BP0023	NZ_CP017402.1	99.79	951	2	0	1	951	1819945	1820895	0.0	1746
BP0023	NZ_CP017402.1	99.79	951	2	0	1	951	1831307	1832257	0.0	1746
BP0023	NZ_CP017402.1	99.79	951	2	0	1	951	1869363	1870313	0.0	1746
BP0023	NZ_CP017402.1	99.79	951	2	0	1	951	1922693	1921743	0.0	1746
BP0023	NZ_CP017402.1	99.79	951	2	0	1	951	1952918	1951968	0.0	1746
BP0023	NZ_CP017402.1	99.79	951	2	0	1	951	1964123	1965073	0.0	1746
BP0023	NZ_CP017402.1	99.79	951	2	0	1	951	2011518	2012468	0.0	1746
BP0023	NZ_CP017402.1	99.79	951	2	0	1	951	2080595	2079645	0.0	1746
BP0023	NZ_CP017402.1	99.79	951	2	0	1	951	2111486	2112436	0.0	1746
BP0023	NZ_CP017402.1	99.79	951	2	0	1	951	2155835	2154885	0.0	1746
BP0023	NZ_CP017402.1	99.79	951	2	0	1	951	2297553	2298503	0.0	1746
BP0023	NZ_CP017402.1	99.79	951	2	0	1	951	2319948	2320898	0.0	1746
BP0023	NZ_CP017402.1	99.79	951	2	0	1	951	2336046	2336996	0.0	1746
BP0023	NZ_CP017402.1	99.79	951	2	0	1	951	2376110	2377060	0.0	1746
BP0023	NZ_CP017402.1	99.79	951	2	0	1	951	2411129	2410179	0.0	1746
BP0023	NZ_CP017402.1	99.79	951	2	0	1	951	2484759	2485709	0.0	1746
BP0023	NZ_CP017402.1	99.79	951	2	0	1	951	2623458	2622508	0.0	1746
BP0023	NZ_CP017402.1	99.79	951	2	0	1	951	2628948	2629898	0.0	1746
BP0023	NZ_CP017402.1	99.79	951	2	0	1	951	2664637	2663687	0.0	1746
BP0023	NZ_CP017402.1	99.79	951	2	0	1	951	2710526	2709576	0.0	1746
BP0023	NZ_CP017402.1	99.79	951	2	0	1	951	2723141	2724091	0.0	1746
BP0023	NZ_CP017402.1	99.79	951	2	0	1	951	2728422	2727472	0.0	1746
BP0023	NZ_CP017402.1	99.79	951	2	0	1	951	2782847	2781897	0.0	1746
BP0023	NZ_CP017402.1	99.79	951	2	0	1	951	2811818	2812768	0.0	1746
BP0023	NZ_CP017402.1	99.79	951	2	0	1	951	2828271	2829221	0.0	1746
BP0023	NZ_CP017402.1	99.79	951	2	0	1	951	2837540	2836590	0.0	1746
BP0023	NZ_CP017402.1	99.79	951	2	0	1	951	2883821	2884771	0.0	1746
BP0023	NZ_CP017402.1	99.79	951	2	0	1	951	2893747	2892797	0.0	1746
BP0023	NZ_CP017402.1	99.79	951	2	0	1	951	2909173	2908223	0.0	1746
BP0023	NZ_CP017402.1	99.79	951	2	0	1	951	2972824	2971874	0.0	1746
BP0023	NZ_CP017402.1	99.79	951	2	0	1	951	2980918	2979968	0.0	1746
BP0023	NZ_CP017402.1	99.79	951	2	0	1	951	3016242	3015292	0.0	1746
BP0023	NZ_CP017402.1	99.79	951	2	0	1	951	3018206	3019156	0.0	1746
BP0023	NZ_CP017402.1	99.79	951	2	0	1	951	3024707	3023757	0.0	1746
BP0023	NZ_CP017402.1	99.79	951	2	0	1	951	3055344	3056294	0.0	1746
BP0023	NZ_CP017402.1	99.79	951	2	0	1	951	3147322	3148272	0.0	1746
BP0023	NZ_CP017402.1	99.79	951	2	0	1	951	3155602	3156552	0.0	1746
BP0023	NZ_CP017402.1	99.79	951	2	0	1	951	3209156	3210106	0.0	1746
BP0023	NZ_CP017402.1	99.79	951	2	0	1	951	3210205	3211155	0.0	1746
BP0023	NZ_CP017402.1	99.79	951	2	0	1	951	3259300	3260250	0.0	1746
BP0023	NZ_CP017402.1	99.79	951	2	0	1	951	3269136	3268186	0.0	1746
BP0023	NZ_CP017402.1	99.79	951	2	0	1	951	3304918	3305868	0.0	1746
BP0023	NZ_CP017402.1	99.79	951	2	0	1	951	3342780	3341830	0.0	1746
BP0023	NZ_CP017402.1	99.79	951	2	0	1	951	3404684	3405634	0.0	1746
BP0023	NZ_CP017402.1	99.79	951	2	0	1	951	3425496	3424546	0.0	1746
BP0023	NZ_CP017402.1	99.79	951	2	0	1	951	3441394	3440444	0.0	1746
BP0023	NZ_CP017402.1	99.79	951	2	0	1	951	3448480	3449430	0.0	1746
BP0023	NZ_CP017402.1	99.79	951	2	0	1	951	3458424	3457474	0.0	1746
BP0023	NZ_CP017402.1	99.79	951	2	0	1	951	3538817	3539767	0.0	1746
BP0023	NZ_CP017402.1	99.79	951	2	0	1	951	3556886	3557836	0.0	1746
BP0023	NZ_CP017402.1	99.79	951	2	0	1	951	3582551	3581601	0.0	1746
BP0023	NZ_CP017402.1	99.79	951	2	0	1	951	3741154	3742104	0.0	1746
BP0023	NZ_CP017402.1	99.79	951	2	0	1	951	3752438	3751488	0.0	1746
BP0023	NZ_CP017402.1	99.79	951	2	0	1	951	3755950	3756900	0.0	1746
BP0023	NZ_CP017402.1	99.79	951	2	0	1	951	3792001	3792951	0.0	1746
BP0023	NZ_CP017402.1	99.79	951	2	0	1	951	3812792	3811842	0.0	1746
BP0023	NZ_CP017402.1	99.79	951	2	0	1	951	3976938	3977888	0.0	1746
BP0023	NZ_CP017402.1	99.79	951	2	0	1	951	4104587	4103637	0.0	1746
BP0023	NZ_CP017402.1	99.79	950	2	0	1	950	2989678	2990627	0.0	1744
BP0023	NZ_CP017402.1	99.79	950	2	0	1	950	3002640	3003589	0.0	1744
BP0023	NZ_CP017402.1	99.79	950	2	0	1	950	3049906	3048957	0.0	1744
BP0023	NZ_CP017402.1	99.79	950	2	0	1	950	3329276	3328327	0.0	1744
BP0023	NZ_CP017402.1	99.79	950	2	0	1	950	3569942	3570891	0.0	1744
BP0023	NZ_CP017402.1	99.79	950	2	0	1	950	3940339	3939390	0.0	1744
BP0023	NZ_CP017402.1	99.89	946	1	0	1	946	403269	404214	0.0	1742
BP0023	NZ_CP017402.1	99.89	946	1	0	1	946	3727965	3728910	0.0	1742
BP0023	NZ_CP017402.1	99.68	952	2	1	1	951	196515	197466	0.0	1740
BP0023	NZ_CP017402.1	99.68	951	3	0	1	951	207746	208696	0.0	1740
BP0023	NZ_CP017402.1	99.68	951	3	0	1	951	238381	237431	0.0	1740
BP0023	NZ_CP017402.1	99.68	951	3	0	1	951	565950	565000	0.0	1740
BP0023	NZ_CP017402.1	99.68	951	3	0	1	951	754461	755411	0.0	1740
BP0023	NZ_CP017402.1	99.68	951	3	0	1	951	958711	959661	0.0	1740
BP0023	NZ_CP017402.1	99.68	951	3	0	1	951	1026400	1025450	0.0	1740
BP0023	NZ_CP017402.1	99.68	951	3	0	1	951	1221024	1221974	0.0	1740
BP0023	NZ_CP017402.1	99.68	951	3	0	1	951	1265492	1266442	0.0	1740
BP0023	NZ_CP017402.1	99.68	951	3	0	1	951	1330700	1329750	0.0	1740
BP0023	NZ_CP017402.1	99.68	951	3	0	1	951	1388647	1389597	0.0	1740
BP0023	NZ_CP017402.1	99.68	951	3	0	1	951	1505576	1504626	0.0	1740
BP0023	NZ_CP017402.1	99.68	951	3	0	1	951	1655737	1656687	0.0	1740
BP0023	NZ_CP017402.1	99.68	951	3	0	1	951	1714416	1713466	0.0	1740
BP0023	NZ_CP017402.1	99.68	951	3	0	1	951	1752129	1751179	0.0	1740
BP0023	NZ_CP017402.1	99.68	951	3	0	1	951	1759996	1760946	0.0	1740
BP0023	NZ_CP017402.1	99.68	951	3	0	1	951	1884457	1883507	0.0	1740
BP0023	NZ_CP017402.1	99.68	951	3	0	1	951	2024915	2023965	0.0	1740
BP0023	NZ_CP017402.1	99.68	951	3	0	1	951	2026087	2025137	0.0	1740
BP0023	NZ_CP017402.1	99.68	951	3	0	1	951	2328321	2327371	0.0	1740
BP0023	NZ_CP017402.1	99.68	951	3	0	1	951	2437688	2438638	0.0	1740
BP0023	NZ_CP017402.1	99.68	951	3	0	1	951	2519020	2518070	0.0	1740
BP0023	NZ_CP017402.1	99.68	951	3	0	1	951	2546319	2547269	0.0	1740
BP0023	NZ_CP017402.1	99.68	951	3	0	1	951	2721082	2720132	0.0	1740
BP0023	NZ_CP017402.1	99.68	951	3	0	1	951	2776293	2775343	0.0	1740
BP0023	NZ_CP017402.1	99.68	951	3	0	1	951	2830357	2831307	0.0	1740
BP0023	NZ_CP017402.1	99.68	951	3	0	1	951	2949581	2948631	0.0	1740
BP0023	NZ_CP017402.1	99.68	951	3	0	1	951	3281916	3280966	0.0	1740
BP0023	NZ_CP017402.1	99.68	951	3	0	1	951	3559222	3560172	0.0	1740
BP0023	NZ_CP017402.1	99.68	951	2	1	1	951	2255432	2254483	0.0	1738
BP0023	NZ_CP017402.1	99.68	950	3	0	1	950	3779180	3780129	0.0	1738
BP0023	NZ_CP017402.1	99.79	946	2	0	1	946	3523878	3522933	0.0	1736
BP0023	NZ_CP017402.1	99.58	951	4	0	1	951	651656	650706	0.0	1735
BP0023	NZ_CP017402.1	99.58	951	4	0	1	951	668182	667232	0.0	1735
BP0023	NZ_CP017402.1	99.58	951	4	0	1	951	691434	690484	0.0	1735
BP0023	NZ_CP017402.1	99.58	951	4	0	1	951	817876	816926	0.0	1735
BP0023	NZ_CP017402.1	99.58	951	4	0	1	951	1096949	1095999	0.0	1735
BP0023	NZ_CP017402.1	99.58	951	4	0	1	951	1339242	1340192	0.0	1735
BP0023	NZ_CP017402.1	99.58	951	4	0	1	951	1494270	1493320	0.0	1735
BP0023	NZ_CP017402.1	99.58	951	4	0	1	951	1971043	1971993	0.0	1735
BP0023	NZ_CP017402.1	99.58	951	4	0	1	951	2043927	2044877	0.0	1735
BP0023	NZ_CP017402.1	99.58	951	4	0	1	951	2087269	2086319	0.0	1735
BP0023	NZ_CP017402.1	99.58	951	4	0	1	951	2241370	2240420	0.0	1735
BP0023	NZ_CP017402.1	99.58	951	4	0	1	951	2719491	2718541	0.0	1735
BP0023	NZ_CP017402.1	99.58	951	4	0	1	951	2750244	2749294	0.0	1735
BP0023	NZ_CP017402.1	99.58	951	4	0	1	951	3010809	3009859	0.0	1735
BP0023	NZ_CP017402.1	99.58	951	4	0	1	951	4053155	4052205	0.0	1735
BP0023	NZ_CP017402.1	99.47	951	5	0	1	951	35675	36625	0.0	1729
BP0023	NZ_CP017402.1	99.37	951	6	0	1	951	3035247	3034297	0.0	1724
BP0023	NZ_CP017402.1	99.89	935	1	0	1	935	2010479	2011413	0.0	1722
