BP2673	NZ_CP011723.1	100.00	951	0	0	1	951	234375	235325	0.0	1757
BP2673	NZ_CP011723.1	100.00	951	0	0	1	951	1248995	1249945	0.0	1757
BP2673	NZ_CP011723.1	100.00	951	0	0	1	951	4034094	4035044	0.0	1757
BP2673	NZ_CP011723.1	99.89	951	1	0	1	951	522063	521113	0.0	1751
BP2673	NZ_CP011723.1	99.78	919	2	0	33	951	3405917	3404999	0.0	1687
BP2673	NZ_CP011723.1	100.00	835	0	0	33	867	78683	79517	0.0	1543
BP1388	NZ_CP011723.1	100.00	1017	0	0	1	1017	610624	611640	0.0	1879
BP1388	NZ_CP011723.1	100.00	1017	0	0	1	1017	1759856	1758840	0.0	1879
BP1388	NZ_CP011723.1	100.00	1017	0	0	1	1017	2184142	2185158	0.0	1879
BP1388	NZ_CP011723.1	100.00	1017	0	0	1	1017	2614393	2613377	0.0	1879
BP1388	NZ_CP011723.1	100.00	1017	0	0	1	1017	2638504	2639520	0.0	1879
BP1388	NZ_CP011723.1	100.00	1017	0	0	1	1017	3052888	3053904	0.0	1879
BP1388	NZ_CP011723.1	99.90	1017	1	0	1	1017	1200584	1201600	0.0	1873
BP1388	NZ_CP011723.1	99.90	1017	1	0	1	1017	2983630	2984646	0.0	1873
BP1388	NZ_CP011723.1	99.90	1017	1	0	1	1017	3166635	3167651	0.0	1873
BP1388	NZ_CP011723.1	99.80	1017	2	0	1	1017	592879	591863	0.0	1868
BP1388	NZ_CP011723.1	99.80	1017	2	0	1	1017	1977733	1978749	0.0	1868
BP1388	NZ_CP011723.1	99.80	1017	2	0	1	1017	3839393	3840409	0.0	1868
BP1388	NZ_CP011723.1	99.71	1017	3	0	1	1017	114945	115961	0.0	1862
BP1388	NZ_CP011723.1	99.71	1017	3	0	1	1017	626173	625157	0.0	1862
BP1388	NZ_CP011723.1	99.71	1017	3	0	1	1017	2975008	2973992	0.0	1862
BP1388	NZ_CP011723.1	99.71	1017	3	0	1	1017	2992996	2994012	0.0	1862
BP0023	NZ_CP011723.1	100.00	951	0	0	1	951	28233	27283	0.0	1757
BP0023	NZ_CP011723.1	100.00	951	0	0	1	951	414389	413439	0.0	1757
BP0023	NZ_CP011723.1	100.00	951	0	0	1	951	431375	432325	0.0	1757
BP0023	NZ_CP011723.1	100.00	951	0	0	1	951	1468832	1467882	0.0	1757
BP0023	NZ_CP011723.1	100.00	951	0	0	1	951	1963576	1964526	0.0	1757
BP0023	NZ_CP011723.1	100.00	951	0	0	1	951	3626286	3625336	0.0	1757
BP0023	NZ_CP011723.1	100.00	951	0	0	1	951	3706434	3707384	0.0	1757
BP0023	NZ_CP011723.1	100.00	950	0	0	1	950	3015392	3016341	0.0	1755
BP0023	NZ_CP011723.1	99.89	951	1	0	1	951	78585	77635	0.0	1751
BP0023	NZ_CP011723.1	99.89	951	1	0	1	951	108378	107428	0.0	1751
BP0023	NZ_CP011723.1	99.89	951	1	0	1	951	122073	121123	0.0	1751
BP0023	NZ_CP011723.1	99.89	951	1	0	1	951	136108	135158	0.0	1751
BP0023	NZ_CP011723.1	99.89	951	1	0	1	951	233338	234288	0.0	1751
BP0023	NZ_CP011723.1	99.89	951	1	0	1	951	279142	278192	0.0	1751
BP0023	NZ_CP011723.1	99.89	951	1	0	1	951	356921	355971	0.0	1751
BP0023	NZ_CP011723.1	99.89	951	1	0	1	951	392860	391910	0.0	1751
BP0023	NZ_CP011723.1	99.89	951	1	0	1	951	469554	470504	0.0	1751
BP0023	NZ_CP011723.1	99.89	951	1	0	1	951	470603	471553	0.0	1751
BP0023	NZ_CP011723.1	99.89	951	1	0	1	951	484301	483351	0.0	1751
BP0023	NZ_CP011723.1	99.89	951	1	0	1	951	497690	498640	0.0	1751
BP0023	NZ_CP011723.1	99.89	951	1	0	1	951	563700	564650	0.0	1751
BP0023	NZ_CP011723.1	99.89	951	1	0	1	951	578081	579031	0.0	1751
BP0023	NZ_CP011723.1	99.89	951	1	0	1	951	742738	741788	0.0	1751
BP0023	NZ_CP011723.1	99.89	951	1	0	1	951	763495	764445	0.0	1751
BP0023	NZ_CP011723.1	99.89	951	1	0	1	951	819591	818641	0.0	1751
BP0023	NZ_CP011723.1	99.89	951	1	0	1	951	924639	923689	0.0	1751
BP0023	NZ_CP011723.1	99.89	951	1	0	1	951	963944	964894	0.0	1751
BP0023	NZ_CP011723.1	99.89	951	1	0	1	951	1007157	1006207	0.0	1751
BP0023	NZ_CP011723.1	99.89	951	1	0	1	951	1060956	1060006	0.0	1751
BP0023	NZ_CP011723.1	99.89	951	1	0	1	951	1087347	1088297	0.0	1751
BP0023	NZ_CP011723.1	99.89	951	1	0	1	951	1099293	1100243	0.0	1751
BP0023	NZ_CP011723.1	99.89	951	1	0	1	951	1136083	1135133	0.0	1751
BP0023	NZ_CP011723.1	99.89	951	1	0	1	951	1145730	1146680	0.0	1751
BP0023	NZ_CP011723.1	99.89	951	1	0	1	951	1217796	1218746	0.0	1751
BP0023	NZ_CP011723.1	99.89	951	1	0	1	951	1469881	1468931	0.0	1751
BP0023	NZ_CP011723.1	99.89	951	1	0	1	951	1495681	1496631	0.0	1751
BP0023	NZ_CP011723.1	99.89	951	1	0	1	951	1582944	1581994	0.0	1751
BP0023	NZ_CP011723.1	99.89	951	1	0	1	951	1775827	1776777	0.0	1751
BP0023	NZ_CP011723.1	99.89	951	1	0	1	951	1800592	1801542	0.0	1751
BP0023	NZ_CP011723.1	99.89	951	1	0	1	951	1854877	1855827	0.0	1751
BP0023	NZ_CP011723.1	99.89	951	1	0	1	951	1891978	1891028	0.0	1751
BP0023	NZ_CP011723.1	99.89	951	1	0	1	951	1933408	1934358	0.0	1751
BP0023	NZ_CP011723.1	99.89	951	1	0	1	951	1940329	1941279	0.0	1751
BP0023	NZ_CP011723.1	99.89	951	1	0	1	951	1962923	1961973	0.0	1751
BP0023	NZ_CP011723.1	99.89	951	1	0	1	951	2092387	2093337	0.0	1751
BP0023	NZ_CP011723.1	99.89	951	1	0	1	951	2327282	2328232	0.0	1751
BP0023	NZ_CP011723.1	99.89	951	1	0	1	951	2388262	2389212	0.0	1751
BP0023	NZ_CP011723.1	99.89	951	1	0	1	951	2435359	2436309	0.0	1751
BP0023	NZ_CP011723.1	99.89	951	1	0	1	951	2455639	2454689	0.0	1751
BP0023	NZ_CP011723.1	99.89	951	1	0	1	951	2484635	2483685	0.0	1751
BP0023	NZ_CP011723.1	99.89	951	1	0	1	951	2507057	2506107	0.0	1751
BP0023	NZ_CP011723.1	99.89	951	1	0	1	951	2553143	2554093	0.0	1751
BP0023	NZ_CP011723.1	99.89	951	1	0	1	951	2554192	2555142	0.0	1751
BP0023	NZ_CP011723.1	99.89	951	1	0	1	951	2607680	2608630	0.0	1751
BP0023	NZ_CP011723.1	99.89	951	1	0	1	951	2702295	2703245	0.0	1751
BP0023	NZ_CP011723.1	99.89	951	1	0	1	951	2818349	2817399	0.0	1751
BP0023	NZ_CP011723.1	99.89	951	1	0	1	951	2877243	2878193	0.0	1751
BP0023	NZ_CP011723.1	99.89	951	1	0	1	951	2936631	2937581	0.0	1751
BP0023	NZ_CP011723.1	99.89	951	1	0	1	951	2942314	2941364	0.0	1751
BP0023	NZ_CP011723.1	99.89	951	1	0	1	951	3007181	3006231	0.0	1751
BP0023	NZ_CP011723.1	99.89	951	1	0	1	951	3055196	3056146	0.0	1751
BP0023	NZ_CP011723.1	99.89	951	1	0	1	951	3076497	3075547	0.0	1751
BP0023	NZ_CP011723.1	99.89	951	1	0	1	951	3100626	3099676	0.0	1751
BP0023	NZ_CP011723.1	99.89	951	1	0	1	951	3296309	3297259	0.0	1751
BP0023	NZ_CP011723.1	99.89	951	1	0	1	951	3318657	3319607	0.0	1751
BP0023	NZ_CP011723.1	99.89	951	1	0	1	951	3319706	3320656	0.0	1751
BP0023	NZ_CP011723.1	99.89	951	1	0	1	951	3374433	3373483	0.0	1751
BP0023	NZ_CP011723.1	99.89	951	1	0	1	951	3580487	3581437	0.0	1751
BP0023	NZ_CP011723.1	99.89	951	1	0	1	951	3607194	3608144	0.0	1751
BP0023	NZ_CP011723.1	99.89	951	1	0	1	951	3608243	3609193	0.0	1751
BP0023	NZ_CP011723.1	99.89	951	1	0	1	951	3661489	3662439	0.0	1751
BP0023	NZ_CP011723.1	99.89	951	1	0	1	951	3755540	3756490	0.0	1751
BP0023	NZ_CP011723.1	99.89	951	1	0	1	951	3787276	3788226	0.0	1751
BP0023	NZ_CP011723.1	99.89	951	1	0	1	951	3791262	3790312	0.0	1751
BP0023	NZ_CP011723.1	99.89	951	1	0	1	951	3955408	3956358	0.0	1751
BP0023	NZ_CP011723.1	99.89	951	1	0	1	951	4035143	4036093	0.0	1751
BP0023	NZ_CP011723.1	99.89	951	1	0	1	951	4036192	4037142	0.0	1751
BP0023	NZ_CP011723.1	99.89	951	1	0	1	951	4083057	4082107	0.0	1751
BP0023	NZ_CP011723.1	99.89	950	1	0	1	950	422201	423150	0.0	1749
BP0023	NZ_CP011723.1	99.89	950	1	0	1	950	750965	751914	0.0	1749
BP0023	NZ_CP011723.1	99.89	950	1	0	1	950	1521424	1520475	0.0	1749
BP0023	NZ_CP011723.1	99.89	950	1	0	1	950	2153098	2152149	0.0	1749
BP0023	NZ_CP011723.1	99.89	950	1	0	1	950	2901279	2900330	0.0	1749
BP0023	NZ_CP011723.1	99.89	950	1	0	1	950	3276996	3276047	0.0	1749
BP0023	NZ_CP011723.1	99.89	950	1	0	1	950	3378269	3377320	0.0	1749
BP0023	NZ_CP011723.1	99.79	951	2	0	1	951	50142	51092	0.0	1746
BP0023	NZ_CP011723.1	99.79	951	2	0	1	951	58448	57498	0.0	1746
BP0023	NZ_CP011723.1	99.79	951	2	0	1	951	165845	164895	0.0	1746
BP0023	NZ_CP011723.1	99.79	951	2	0	1	951	174303	175253	0.0	1746
BP0023	NZ_CP011723.1	99.79	951	2	0	1	951	194407	195357	0.0	1746
BP0023	NZ_CP011723.1	99.79	951	2	0	1	951	225405	224455	0.0	1746
BP0023	NZ_CP011723.1	99.79	951	2	0	1	951	236272	235322	0.0	1746
BP0023	NZ_CP011723.1	99.79	952	1	1	1	951	266624	267575	0.0	1746
BP0023	NZ_CP011723.1	99.79	951	2	0	1	951	287976	287026	0.0	1746
BP0023	NZ_CP011723.1	99.79	951	2	0	1	951	302555	301605	0.0	1746
BP0023	NZ_CP011723.1	99.79	951	2	0	1	951	303123	304073	0.0	1746
BP0023	NZ_CP011723.1	99.79	951	2	0	1	951	367307	366357	0.0	1746
BP0023	NZ_CP011723.1	99.79	951	2	0	1	951	523354	522404	0.0	1746
BP0023	NZ_CP011723.1	99.79	951	2	0	1	951	541423	540473	0.0	1746
BP0023	NZ_CP011723.1	99.79	951	2	0	1	951	621817	622767	0.0	1746
BP0023	NZ_CP011723.1	99.79	951	2	0	1	951	631761	630811	0.0	1746
BP0023	NZ_CP011723.1	99.79	951	2	0	1	951	654745	655695	0.0	1746
BP0023	NZ_CP011723.1	99.79	951	2	0	1	951	675557	674607	0.0	1746
BP0023	NZ_CP011723.1	99.79	951	2	0	1	951	737461	738411	0.0	1746
BP0023	NZ_CP011723.1	99.79	951	2	0	1	951	756253	755303	0.0	1746
BP0023	NZ_CP011723.1	99.79	951	2	0	1	951	775323	774373	0.0	1746
BP0023	NZ_CP011723.1	99.79	951	2	0	1	951	788103	787153	0.0	1746
BP0023	NZ_CP011723.1	99.79	951	2	0	1	951	811105	812055	0.0	1746
BP0023	NZ_CP011723.1	99.79	951	2	0	1	951	812154	813104	0.0	1746
BP0023	NZ_CP011723.1	99.79	951	2	0	1	951	821990	821040	0.0	1746
BP0023	NZ_CP011723.1	99.79	951	2	0	1	951	871085	870135	0.0	1746
BP0023	NZ_CP011723.1	99.79	951	2	0	1	951	905058	904108	0.0	1746
BP0023	NZ_CP011723.1	99.79	951	2	0	1	951	932920	931970	0.0	1746
BP0023	NZ_CP011723.1	99.79	951	2	0	1	951	1024867	1023917	0.0	1746
BP0023	NZ_CP011723.1	99.79	951	2	0	1	951	1055504	1056454	0.0	1746
BP0023	NZ_CP011723.1	99.79	951	2	0	1	951	1062920	1063870	0.0	1746
BP0023	NZ_CP011723.1	99.79	951	2	0	1	951	1083231	1082281	0.0	1746
BP0023	NZ_CP011723.1	99.79	951	2	0	1	951	1130630	1131580	0.0	1746
BP0023	NZ_CP011723.1	99.79	951	2	0	1	951	1186465	1187415	0.0	1746
BP0023	NZ_CP011723.1	99.79	951	2	0	1	951	1196391	1195441	0.0	1746
BP0023	NZ_CP011723.1	99.79	951	2	0	1	951	1197440	1196490	0.0	1746
BP0023	NZ_CP011723.1	99.79	951	2	0	1	951	1242672	1243622	0.0	1746
BP0023	NZ_CP011723.1	99.79	951	2	0	1	951	1267345	1266395	0.0	1746
BP0023	NZ_CP011723.1	99.79	951	2	0	1	951	1350740	1351690	0.0	1746
BP0023	NZ_CP011723.1	99.79	951	2	0	1	951	1356021	1355071	0.0	1746
BP0023	NZ_CP011723.1	99.79	951	2	0	1	951	1358080	1359030	0.0	1746
BP0023	NZ_CP011723.1	99.79	951	2	0	1	951	1368636	1369586	0.0	1746
BP0023	NZ_CP011723.1	99.79	951	2	0	1	951	1414525	1415475	0.0	1746
BP0023	NZ_CP011723.1	99.79	951	2	0	1	951	1455704	1456654	0.0	1746
BP0023	NZ_CP011723.1	99.79	951	2	0	1	951	1596501	1595551	0.0	1746
BP0023	NZ_CP011723.1	99.79	951	2	0	1	951	1643572	1642622	0.0	1746
BP0023	NZ_CP011723.1	99.79	951	2	0	1	951	1670131	1671081	0.0	1746
BP0023	NZ_CP011723.1	99.79	951	2	0	1	951	1696996	1697946	0.0	1746
BP0023	NZ_CP011723.1	99.79	951	2	0	1	951	1705150	1704200	0.0	1746
BP0023	NZ_CP011723.1	99.79	951	2	0	1	951	1745214	1744264	0.0	1746
BP0023	NZ_CP011723.1	99.79	951	2	0	1	951	1752939	1753889	0.0	1746
BP0023	NZ_CP011723.1	99.79	951	2	0	1	951	1790279	1791229	0.0	1746
BP0023	NZ_CP011723.1	99.79	951	2	0	1	951	1838648	1839598	0.0	1746
BP0023	NZ_CP011723.1	99.79	951	2	0	1	951	1922203	1921253	0.0	1746
BP0023	NZ_CP011723.1	99.79	951	2	0	1	951	1981859	1982809	0.0	1746
BP0023	NZ_CP011723.1	99.79	951	2	0	1	951	1995256	1994306	0.0	1746
BP0023	NZ_CP011723.1	99.79	951	2	0	1	951	2050951	2050001	0.0	1746
BP0023	NZ_CP011723.1	99.79	951	2	0	1	951	2082891	2083841	0.0	1746
BP0023	NZ_CP011723.1	99.79	951	2	0	1	951	2245143	2246093	0.0	1746
BP0023	NZ_CP011723.1	99.79	951	2	0	1	951	2266690	2267640	0.0	1746
BP0023	NZ_CP011723.1	99.79	951	2	0	1	951	2289425	2288475	0.0	1746
BP0023	NZ_CP011723.1	99.79	951	2	0	1	951	2348034	2348984	0.0	1746
BP0023	NZ_CP011723.1	99.79	951	2	0	1	951	2352312	2351362	0.0	1746
BP0023	NZ_CP011723.1	99.79	951	2	0	1	951	2398435	2397485	0.0	1746
BP0023	NZ_CP011723.1	99.79	951	2	0	1	951	2419739	2418789	0.0	1746
BP0023	NZ_CP011723.1	99.79	951	2	0	1	951	2440327	2439377	0.0	1746
BP0023	NZ_CP011723.1	99.79	951	2	0	1	951	2441376	2440426	0.0	1746
BP0023	NZ_CP011723.1	99.79	951	2	0	1	951	2499246	2500196	0.0	1746
BP0023	NZ_CP011723.1	99.79	951	2	0	1	951	2502272	2501322	0.0	1746
BP0023	NZ_CP011723.1	99.79	951	2	0	1	951	2540820	2539870	0.0	1746
BP0023	NZ_CP011723.1	99.79	951	2	0	1	951	2642168	2643118	0.0	1746
BP0023	NZ_CP011723.1	99.79	951	2	0	1	951	2674179	2673229	0.0	1746
BP0023	NZ_CP011723.1	99.79	951	2	0	1	951	2736658	2737608	0.0	1746
BP0023	NZ_CP011723.1	99.79	951	2	0	1	951	2837695	2836745	0.0	1746
BP0023	NZ_CP011723.1	99.79	951	2	0	1	951	2857533	2856583	0.0	1746
BP0023	NZ_CP011723.1	99.79	951	2	0	1	951	2895981	2896931	0.0	1746
BP0023	NZ_CP011723.1	99.79	951	2	0	1	951	2928948	2927998	0.0	1746
BP0023	NZ_CP011723.1	99.79	951	2	0	1	951	3115084	3114134	0.0	1746
BP0023	NZ_CP011723.1	99.79	951	2	0	1	951	3118788	3117838	0.0	1746
BP0023	NZ_CP011723.1	99.79	951	2	0	1	951	3140486	3139536	0.0	1746
BP0023	NZ_CP011723.1	99.79	951	2	0	1	951	3151049	3150099	0.0	1746
BP0023	NZ_CP011723.1	99.79	951	2	0	1	951	3190675	3191625	0.0	1746
BP0023	NZ_CP011723.1	99.79	951	2	0	1	951	3199362	3198412	0.0	1746
BP0023	NZ_CP011723.1	99.79	951	2	0	1	951	3232110	3233060	0.0	1746
BP0023	NZ_CP011723.1	99.79	951	2	0	1	951	3238746	3239696	0.0	1746
BP0023	NZ_CP011723.1	99.79	951	2	0	1	951	3292240	3291290	0.0	1746
BP0023	NZ_CP011723.1	99.79	951	2	0	1	951	3295260	3296210	0.0	1746
BP0023	NZ_CP011723.1	99.79	951	2	0	1	951	3303210	3302260	0.0	1746
BP0023	NZ_CP011723.1	99.79	951	2	0	1	951	3306419	3307369	0.0	1746
BP0023	NZ_CP011723.1	99.79	951	2	0	1	951	3336294	3335344	0.0	1746
BP0023	NZ_CP011723.1	99.79	951	2	0	1	951	3366237	3367187	0.0	1746
BP0023	NZ_CP011723.1	99.79	951	2	0	1	951	3418868	3419818	0.0	1746
BP0023	NZ_CP011723.1	99.79	951	2	0	1	951	3435807	3434857	0.0	1746
BP0023	NZ_CP011723.1	99.79	951	2	0	1	951	3466188	3465238	0.0	1746
BP0023	NZ_CP011723.1	99.79	951	2	0	1	951	3491721	3492671	0.0	1746
BP0023	NZ_CP011723.1	99.79	951	2	0	1	951	3533253	3534203	0.0	1746
BP0023	NZ_CP011723.1	99.79	951	2	0	1	951	3590705	3589755	0.0	1746
BP0023	NZ_CP011723.1	99.79	951	2	0	1	951	3720673	3721623	0.0	1746
BP0023	NZ_CP011723.1	99.79	951	2	0	1	951	3731957	3731007	0.0	1746
BP0023	NZ_CP011723.1	99.79	951	2	0	1	951	3734420	3735370	0.0	1746
BP0023	NZ_CP011723.1	99.79	951	2	0	1	951	3770471	3771421	0.0	1746
BP0023	NZ_CP011723.1	99.79	951	2	0	1	951	3826937	3827887	0.0	1746
BP0023	NZ_CP011723.1	99.79	951	2	0	1	951	3927350	3926400	0.0	1746
BP0023	NZ_CP011723.1	99.79	950	2	0	1	950	510299	509350	0.0	1744
BP0023	NZ_CP011723.1	99.79	950	2	0	1	950	576324	575375	0.0	1744
BP0023	NZ_CP011723.1	99.79	950	2	0	1	950	1030305	1031254	0.0	1744
BP0023	NZ_CP011723.1	99.79	950	2	0	1	950	1076522	1075573	0.0	1744
BP0023	NZ_CP011723.1	99.79	950	2	0	1	950	1090533	1089584	0.0	1744
BP0023	NZ_CP011723.1	99.79	950	2	0	1	950	3918809	3917860	0.0	1744
BP0023	NZ_CP011723.1	99.89	946	1	0	1	946	402210	403155	0.0	1742
BP0023	NZ_CP011723.1	99.89	946	1	0	1	946	1980814	1981759	0.0	1742
BP0023	NZ_CP011723.1	99.89	946	1	0	1	946	3707484	3708429	0.0	1742
BP0023	NZ_CP011723.1	99.68	951	3	0	1	951	34626	35576	0.0	1740
BP0023	NZ_CP011723.1	99.68	951	3	0	1	951	43664	44614	0.0	1740
BP0023	NZ_CP011723.1	99.68	951	3	0	1	951	69086	70036	0.0	1740
BP0023	NZ_CP011723.1	99.68	951	3	0	1	951	205637	206587	0.0	1740
BP0023	NZ_CP011723.1	99.68	951	3	0	1	951	237321	236371	0.0	1740
BP0023	NZ_CP011723.1	99.68	951	3	0	1	951	331437	332387	0.0	1740
BP0023	NZ_CP011723.1	99.68	951	3	0	1	951	521014	520064	0.0	1740
BP0023	NZ_CP011723.1	99.68	951	3	0	1	951	1068353	1069303	0.0	1740
BP0023	NZ_CP011723.1	99.68	951	3	0	1	951	1107387	1108337	0.0	1740
BP0023	NZ_CP011723.1	99.68	951	3	0	1	951	1171038	1171988	0.0	1740
BP0023	NZ_CP011723.1	99.68	951	3	0	1	951	1250892	1249942	0.0	1740
BP0023	NZ_CP011723.1	99.68	951	3	0	1	951	1301820	1302770	0.0	1740
BP0023	NZ_CP011723.1	99.68	951	3	0	1	951	1323856	1324806	0.0	1740
BP0023	NZ_CP011723.1	99.68	951	3	0	1	951	1450214	1449264	0.0	1740
BP0023	NZ_CP011723.1	99.68	951	3	0	1	951	1533892	1532942	0.0	1740
BP0023	NZ_CP011723.1	99.68	951	3	0	1	951	1561191	1562141	0.0	1740
BP0023	NZ_CP011723.1	99.68	951	3	0	1	951	1853742	1852792	0.0	1740
BP0023	NZ_CP011723.1	99.68	951	3	0	1	951	1996428	1995478	0.0	1740
BP0023	NZ_CP011723.1	99.68	951	3	0	1	951	2014268	2015218	0.0	1740
BP0023	NZ_CP011723.1	99.68	951	3	0	1	951	2057625	2056675	0.0	1740
BP0023	NZ_CP011723.1	99.68	951	3	0	1	951	2127222	2126272	0.0	1740
BP0023	NZ_CP011723.1	99.68	951	3	0	1	951	2275063	2274113	0.0	1740
BP0023	NZ_CP011723.1	99.68	951	3	0	1	951	2297672	2296722	0.0	1740
BP0023	NZ_CP011723.1	99.68	951	3	0	1	951	2305540	2306490	0.0	1740
BP0023	NZ_CP011723.1	99.68	951	3	0	1	951	2343253	2344203	0.0	1740
BP0023	NZ_CP011723.1	99.68	951	3	0	1	951	2552094	2553044	0.0	1740
BP0023	NZ_CP011723.1	99.68	951	3	0	1	951	2561586	2560636	0.0	1740
BP0023	NZ_CP011723.1	99.68	951	3	0	1	951	2670072	2669122	0.0	1740
BP0023	NZ_CP011723.1	99.68	951	3	0	1	951	2728019	2728969	0.0	1740
BP0023	NZ_CP011723.1	99.68	951	3	0	1	951	2793227	2792277	0.0	1740
BP0023	NZ_CP011723.1	99.68	951	3	0	1	951	2957569	2958519	0.0	1740
BP0023	NZ_CP011723.1	99.68	951	3	0	1	951	3028133	3029083	0.0	1740
BP0023	NZ_CP011723.1	99.68	951	3	0	1	951	3096870	3095920	0.0	1740
BP0023	NZ_CP011723.1	99.68	951	3	0	1	951	3233159	3234109	0.0	1740
BP0023	NZ_CP011723.1	99.68	951	3	0	1	951	3492770	3493720	0.0	1740
BP0023	NZ_CP011723.1	99.68	951	3	0	1	951	3504046	3503096	0.0	1740
BP0023	NZ_CP011723.1	99.68	951	3	0	1	951	3844814	3843864	0.0	1740
BP0023	NZ_CP011723.1	99.68	951	3	0	1	951	4070484	4071434	0.0	1740
BP0023	NZ_CP011723.1	99.68	951	2	1	1	951	2203024	2202075	0.0	1738
BP0023	NZ_CP011723.1	99.68	950	3	0	1	950	3757650	3758599	0.0	1738
BP0023	NZ_CP011723.1	99.79	946	2	0	1	946	556362	557307	0.0	1736
BP0023	NZ_CP011723.1	99.58	951	4	0	1	951	638847	639797	0.0	1735
BP0023	NZ_CP011723.1	99.58	951	4	0	1	951	1328918	1329868	0.0	1735
BP0023	NZ_CP011723.1	99.58	951	4	0	1	951	1359671	1360621	0.0	1735
BP0023	NZ_CP011723.1	99.58	951	4	0	1	951	1941378	1942328	0.0	1735
BP0023	NZ_CP011723.1	99.58	951	4	0	1	951	2058674	2057724	0.0	1735
BP0023	NZ_CP011723.1	99.58	951	4	0	1	951	2188962	2188012	0.0	1735
BP0023	NZ_CP011723.1	99.58	951	4	0	1	951	2564449	2565399	0.0	1735
BP0023	NZ_CP011723.1	99.58	951	4	0	1	951	2719477	2718527	0.0	1735
BP0023	NZ_CP011723.1	99.58	951	4	0	1	951	3389489	3390439	0.0	1735
BP0023	NZ_CP011723.1	99.58	951	4	0	1	951	3406015	3406965	0.0	1735
BP0023	NZ_CP011723.1	99.47	951	5	0	1	951	4030576	4029626	0.0	1729
BP0023	NZ_CP011723.1	99.37	951	6	0	1	951	1044964	1045914	0.0	1724
