BP2673	NZ_CP017405.1	100.00	951	0	0	1	951	236472	237422	0.0	1757
BP2673	NZ_CP017405.1	100.00	951	0	0	1	951	3086534	3085584	0.0	1757
BP2673	NZ_CP017405.1	100.00	951	0	0	1	951	4313036	4313986	0.0	1757
BP2673	NZ_CP017405.1	99.89	951	1	0	1	951	3814542	3815492	0.0	1751
BP2673	NZ_CP017405.1	99.78	919	2	0	33	951	653839	654757	0.0	1687
BP2673	NZ_CP017405.1	100.00	835	0	0	33	867	79732	80566	0.0	1543
BP1388	NZ_CP017405.1	100.00	1017	0	0	1	1017	1446273	1447289	0.0	1879
BP1388	NZ_CP017405.1	100.00	1017	0	0	1	1017	1575251	1576267	0.0	1879
BP1388	NZ_CP017405.1	100.00	1017	0	0	1	1017	1704229	1705245	0.0	1879
BP1388	NZ_CP017405.1	100.00	1017	0	0	1	1017	2157651	2156635	0.0	1879
BP1388	NZ_CP017405.1	100.00	1017	0	0	1	1017	2607818	2608834	0.0	1879
BP1388	NZ_CP017405.1	100.00	1017	0	0	1	1017	3725981	3724965	0.0	1879
BP1388	NZ_CP017405.1	99.90	1017	1	0	1	1017	893121	892105	0.0	1873
BP1388	NZ_CP017405.1	99.90	1017	1	0	1	1017	1066606	1065590	0.0	1873
BP1388	NZ_CP017405.1	99.90	1017	1	0	1	1017	1075972	1074956	0.0	1873
BP1388	NZ_CP017405.1	99.90	1017	1	0	1	1017	1422162	1421146	0.0	1873
BP1388	NZ_CP017405.1	99.90	1017	1	0	1	1017	1551140	1550124	0.0	1873
BP1388	NZ_CP017405.1	99.90	1017	1	0	1	1017	1680118	1679102	0.0	1873
BP1388	NZ_CP017405.1	99.90	1017	1	0	1	1017	2202450	2203466	0.0	1873
BP1388	NZ_CP017405.1	99.90	1017	1	0	1	1017	3134946	3133930	0.0	1873
BP1388	NZ_CP017405.1	99.80	1017	2	0	1	1017	115994	117010	0.0	1868
BP1388	NZ_CP017405.1	99.80	1017	2	0	1	1017	1006882	1005866	0.0	1868
BP1388	NZ_CP017405.1	99.80	1017	2	0	1	1017	1084594	1085610	0.0	1868
BP1388	NZ_CP017405.1	99.80	1017	2	0	1	1017	2387843	2386827	0.0	1868
BP1388	NZ_CP017405.1	99.80	1017	2	0	1	1017	3710433	3711449	0.0	1868
BP1388	NZ_CP017405.1	99.80	1017	2	0	1	1017	3743726	3744742	0.0	1868
BP1388	NZ_CP017405.1	99.80	1017	2	0	1	1017	4117286	4118302	0.0	1868
BP0023	NZ_CP017405.1	100.00	951	0	0	1	951	175351	176301	0.0	1757
BP0023	NZ_CP017405.1	100.00	951	0	0	1	951	416484	415534	0.0	1757
BP0023	NZ_CP017405.1	100.00	951	0	0	1	951	433470	434420	0.0	1757
BP0023	NZ_CP017405.1	100.00	951	0	0	1	951	1764430	1763480	0.0	1757
BP0023	NZ_CP017405.1	100.00	951	0	0	1	951	2402000	2401050	0.0	1757
BP0023	NZ_CP017405.1	100.00	951	0	0	1	951	2866696	2867646	0.0	1757
BP0023	NZ_CP017405.1	100.00	951	0	0	1	951	3984327	3985277	0.0	1757
BP0023	NZ_CP017405.1	100.00	950	0	0	1	950	1044210	1043261	0.0	1755
BP0023	NZ_CP017405.1	99.89	951	1	0	1	951	28233	27283	0.0	1751
BP0023	NZ_CP017405.1	99.89	951	1	0	1	951	51191	52141	0.0	1751
BP0023	NZ_CP017405.1	99.89	951	1	0	1	951	79634	78684	0.0	1751
BP0023	NZ_CP017405.1	99.89	951	1	0	1	951	123122	122172	0.0	1751
BP0023	NZ_CP017405.1	99.89	951	1	0	1	951	137157	136207	0.0	1751
BP0023	NZ_CP017405.1	99.89	951	1	0	1	951	196504	197454	0.0	1751
BP0023	NZ_CP017405.1	99.89	951	1	0	1	951	235435	236385	0.0	1751
BP0023	NZ_CP017405.1	99.89	951	1	0	1	951	267672	268622	0.0	1751
BP0023	NZ_CP017405.1	99.89	951	1	0	1	951	280189	279239	0.0	1751
BP0023	NZ_CP017405.1	99.89	951	1	0	1	951	357967	357017	0.0	1751
BP0023	NZ_CP017405.1	99.89	951	1	0	1	951	393906	392956	0.0	1751
BP0023	NZ_CP017405.1	99.89	951	1	0	1	951	451513	450563	0.0	1751
BP0023	NZ_CP017405.1	99.89	951	1	0	1	951	452562	451612	0.0	1751
BP0023	NZ_CP017405.1	99.89	951	1	0	1	951	479269	478319	0.0	1751
BP0023	NZ_CP017405.1	99.89	951	1	0	1	951	526503	525553	0.0	1751
BP0023	NZ_CP017405.1	99.89	951	1	0	1	951	623949	624899	0.0	1751
BP0023	NZ_CP017405.1	99.89	951	1	0	1	951	685323	686273	0.0	1751
BP0023	NZ_CP017405.1	99.89	951	1	0	1	951	741099	740149	0.0	1751
BP0023	NZ_CP017405.1	99.89	951	1	0	1	951	763447	762497	0.0	1751
BP0023	NZ_CP017405.1	99.89	951	1	0	1	951	822059	821109	0.0	1751
BP0023	NZ_CP017405.1	99.89	951	1	0	1	951	959138	960088	0.0	1751
BP0023	NZ_CP017405.1	99.89	951	1	0	1	951	1004574	1003624	0.0	1751
BP0023	NZ_CP017405.1	99.89	951	1	0	1	951	1052421	1053371	0.0	1751
BP0023	NZ_CP017405.1	99.89	951	1	0	1	951	1117273	1118223	0.0	1751
BP0023	NZ_CP017405.1	99.89	951	1	0	1	951	1122956	1122006	0.0	1751
BP0023	NZ_CP017405.1	99.89	951	1	0	1	951	1182347	1181397	0.0	1751
BP0023	NZ_CP017405.1	99.89	951	1	0	1	951	1242317	1243267	0.0	1751
BP0023	NZ_CP017405.1	99.89	951	1	0	1	951	1358371	1357421	0.0	1751
BP0023	NZ_CP017405.1	99.89	951	1	0	1	951	1452986	1452036	0.0	1751
BP0023	NZ_CP017405.1	99.89	951	1	0	1	951	1487349	1486399	0.0	1751
BP0023	NZ_CP017405.1	99.89	951	1	0	1	951	1581964	1581014	0.0	1751
BP0023	NZ_CP017405.1	99.89	951	1	0	1	951	1616327	1615377	0.0	1751
BP0023	NZ_CP017405.1	99.89	951	1	0	1	951	1710942	1709992	0.0	1751
BP0023	NZ_CP017405.1	99.89	951	1	0	1	951	1810516	1811466	0.0	1751
BP0023	NZ_CP017405.1	99.89	951	1	0	1	951	2010787	2011737	0.0	1751
BP0023	NZ_CP017405.1	99.89	951	1	0	1	951	2274241	2273291	0.0	1751
BP0023	NZ_CP017405.1	99.89	951	1	0	1	951	2402653	2403603	0.0	1751
BP0023	NZ_CP017405.1	99.89	951	1	0	1	951	2425247	2424297	0.0	1751
BP0023	NZ_CP017405.1	99.89	951	1	0	1	951	2432168	2431218	0.0	1751
BP0023	NZ_CP017405.1	99.89	951	1	0	1	951	2512797	2511847	0.0	1751
BP0023	NZ_CP017405.1	99.89	951	1	0	1	951	2591847	2590897	0.0	1751
BP0023	NZ_CP017405.1	99.89	951	1	0	1	951	2614735	2613785	0.0	1751
BP0023	NZ_CP017405.1	99.89	951	1	0	1	951	2727934	2728884	0.0	1751
BP0023	NZ_CP017405.1	99.89	951	1	0	1	951	2794263	2793313	0.0	1751
BP0023	NZ_CP017405.1	99.89	951	1	0	1	951	2823259	2822309	0.0	1751
BP0023	NZ_CP017405.1	99.89	951	1	0	1	951	2840896	2839946	0.0	1751
BP0023	NZ_CP017405.1	99.89	951	1	0	1	951	3117734	3116784	0.0	1751
BP0023	NZ_CP017405.1	99.89	951	1	0	1	951	3138090	3139040	0.0	1751
BP0023	NZ_CP017405.1	99.89	951	1	0	1	951	3189798	3188848	0.0	1751
BP0023	NZ_CP017405.1	99.89	951	1	0	1	951	3199445	3200395	0.0	1751
BP0023	NZ_CP017405.1	99.89	951	1	0	1	951	3236235	3235285	0.0	1751
BP0023	NZ_CP017405.1	99.89	951	1	0	1	951	3248181	3247231	0.0	1751
BP0023	NZ_CP017405.1	99.89	951	1	0	1	951	3327322	3328272	0.0	1751
BP0023	NZ_CP017405.1	99.89	951	1	0	1	951	3370535	3369585	0.0	1751
BP0023	NZ_CP017405.1	99.89	951	1	0	1	951	3409870	3410820	0.0	1751
BP0023	NZ_CP017405.1	99.89	951	1	0	1	951	3429451	3430401	0.0	1751
BP0023	NZ_CP017405.1	99.89	951	1	0	1	951	3514917	3515867	0.0	1751
BP0023	NZ_CP017405.1	99.89	951	1	0	1	951	3571013	3570063	0.0	1751
BP0023	NZ_CP017405.1	99.89	951	1	0	1	951	3591770	3592720	0.0	1751
BP0023	NZ_CP017405.1	99.89	951	1	0	1	951	3592819	3593769	0.0	1751
BP0023	NZ_CP017405.1	99.89	951	1	0	1	951	3758524	3757574	0.0	1751
BP0023	NZ_CP017405.1	99.89	951	1	0	1	951	3772905	3771955	0.0	1751
BP0023	NZ_CP017405.1	99.89	951	1	0	1	951	3852303	3853253	0.0	1751
BP0023	NZ_CP017405.1	99.89	951	1	0	1	951	3866001	3865051	0.0	1751
BP0023	NZ_CP017405.1	99.89	951	1	0	1	951	3939382	3940332	0.0	1751
BP0023	NZ_CP017405.1	99.89	951	1	0	1	951	4033433	4034383	0.0	1751
BP0023	NZ_CP017405.1	99.89	951	1	0	1	951	4104830	4105780	0.0	1751
BP0023	NZ_CP017405.1	99.89	951	1	0	1	951	4122707	4121757	0.0	1751
BP0023	NZ_CP017405.1	99.89	951	1	0	1	951	4206292	4205342	0.0	1751
BP0023	NZ_CP017405.1	99.89	951	1	0	1	951	4234350	4235300	0.0	1751
BP0023	NZ_CP017405.1	99.89	951	1	0	1	951	4315134	4316084	0.0	1751
BP0023	NZ_CP017405.1	99.89	951	1	0	1	951	4349426	4350376	0.0	1751
BP0023	NZ_CP017405.1	99.89	950	1	0	1	950	424296	425245	0.0	1749
BP0023	NZ_CP017405.1	99.89	950	1	0	1	950	681487	682436	0.0	1749
BP0023	NZ_CP017405.1	99.89	950	1	0	1	950	781711	782660	0.0	1749
BP0023	NZ_CP017405.1	99.89	950	1	0	1	950	1158307	1159256	0.0	1749
BP0023	NZ_CP017405.1	99.89	950	1	0	1	950	1836264	1835315	0.0	1749
BP0023	NZ_CP017405.1	99.89	950	1	0	1	950	2212490	2213439	0.0	1749
BP0023	NZ_CP017405.1	99.89	950	1	0	1	950	3583543	3582594	0.0	1749
BP0023	NZ_CP017405.1	99.89	950	1	0	1	950	3760281	3761230	0.0	1749
BP0023	NZ_CP017405.1	99.89	950	1	0	1	950	4197751	4196802	0.0	1749
BP0023	NZ_CP017405.1	99.79	951	2	0	1	951	44713	45663	0.0	1746
BP0023	NZ_CP017405.1	99.79	951	2	0	1	951	59497	58547	0.0	1746
BP0023	NZ_CP017405.1	99.79	951	2	0	1	951	70135	71085	0.0	1746
BP0023	NZ_CP017405.1	99.79	951	2	0	1	951	109427	108477	0.0	1746
BP0023	NZ_CP017405.1	99.79	951	2	0	1	951	166893	165943	0.0	1746
BP0023	NZ_CP017405.1	99.79	951	2	0	1	951	176400	177350	0.0	1746
BP0023	NZ_CP017405.1	99.79	951	2	0	1	951	207734	208684	0.0	1746
BP0023	NZ_CP017405.1	99.79	951	2	0	1	951	227502	226552	0.0	1746
BP0023	NZ_CP017405.1	99.79	951	2	0	1	951	289022	288072	0.0	1746
BP0023	NZ_CP017405.1	99.79	951	2	0	1	951	303601	302651	0.0	1746
BP0023	NZ_CP017405.1	99.79	951	2	0	1	951	304169	305119	0.0	1746
BP0023	NZ_CP017405.1	99.79	951	2	0	1	951	332483	333433	0.0	1746
BP0023	NZ_CP017405.1	99.79	951	2	0	1	951	368353	367403	0.0	1746
BP0023	NZ_CP017405.1	99.79	951	2	0	1	951	403256	404206	0.0	1746
BP0023	NZ_CP017405.1	99.79	951	2	0	1	951	469051	470001	0.0	1746
BP0023	NZ_CP017405.1	99.79	951	2	0	1	951	527552	526602	0.0	1746
BP0023	NZ_CP017405.1	99.79	951	2	0	1	951	593568	594518	0.0	1746
BP0023	NZ_CP017405.1	99.79	951	2	0	1	951	640888	639938	0.0	1746
BP0023	NZ_CP017405.1	99.79	951	2	0	1	951	670267	669317	0.0	1746
BP0023	NZ_CP017405.1	99.79	951	2	0	1	951	694568	693618	0.0	1746
BP0023	NZ_CP017405.1	99.79	951	2	0	1	951	724511	725461	0.0	1746
BP0023	NZ_CP017405.1	99.79	951	2	0	1	951	753337	752387	0.0	1746
BP0023	NZ_CP017405.1	99.79	951	2	0	1	951	756546	757496	0.0	1746
BP0023	NZ_CP017405.1	99.79	951	2	0	1	951	766467	767417	0.0	1746
BP0023	NZ_CP017405.1	99.79	951	2	0	1	951	821010	820060	0.0	1746
BP0023	NZ_CP017405.1	99.79	951	2	0	1	951	827646	826696	0.0	1746
BP0023	NZ_CP017405.1	99.79	951	2	0	1	951	860394	861344	0.0	1746
BP0023	NZ_CP017405.1	99.79	951	2	0	1	951	869081	868131	0.0	1746
BP0023	NZ_CP017405.1	99.79	951	2	0	1	951	908707	909657	0.0	1746
BP0023	NZ_CP017405.1	99.79	951	2	0	1	951	919270	920220	0.0	1746
BP0023	NZ_CP017405.1	99.79	951	2	0	1	951	940976	941926	0.0	1746
BP0023	NZ_CP017405.1	99.79	951	2	0	1	951	944680	945630	0.0	1746
BP0023	NZ_CP017405.1	99.79	951	2	0	1	951	983267	984217	0.0	1746
BP0023	NZ_CP017405.1	99.79	951	2	0	1	951	1163605	1162655	0.0	1746
BP0023	NZ_CP017405.1	99.79	951	2	0	1	951	1202057	1203007	0.0	1746
BP0023	NZ_CP017405.1	99.79	951	2	0	1	951	1203106	1204056	0.0	1746
BP0023	NZ_CP017405.1	99.79	951	2	0	1	951	1324008	1323058	0.0	1746
BP0023	NZ_CP017405.1	99.79	951	2	0	1	951	1386487	1387437	0.0	1746
BP0023	NZ_CP017405.1	99.79	951	2	0	1	951	1418498	1417548	0.0	1746
BP0023	NZ_CP017405.1	99.79	951	2	0	1	951	1515465	1516415	0.0	1746
BP0023	NZ_CP017405.1	99.79	951	2	0	1	951	1547476	1546526	0.0	1746
BP0023	NZ_CP017405.1	99.79	951	2	0	1	951	1644443	1645393	0.0	1746
BP0023	NZ_CP017405.1	99.79	951	2	0	1	951	1676454	1675504	0.0	1746
BP0023	NZ_CP017405.1	99.79	951	2	0	1	951	1757036	1757986	0.0	1746
BP0023	NZ_CP017405.1	99.79	951	2	0	1	951	1776753	1777703	0.0	1746
BP0023	NZ_CP017405.1	99.79	951	2	0	1	951	1957363	1956413	0.0	1746
BP0023	NZ_CP017405.1	99.79	951	2	0	1	951	1983922	1984872	0.0	1746
BP0023	NZ_CP017405.1	99.79	951	2	0	1	951	2018941	2017991	0.0	1746
BP0023	NZ_CP017405.1	99.79	951	2	0	1	951	2059005	2058055	0.0	1746
BP0023	NZ_CP017405.1	99.79	951	2	0	1	951	2075103	2074153	0.0	1746
BP0023	NZ_CP017405.1	99.79	951	2	0	1	951	2096650	2095700	0.0	1746
BP0023	NZ_CP017405.1	99.79	951	2	0	1	951	2188695	2189645	0.0	1746
BP0023	NZ_CP017405.1	99.79	951	2	0	1	951	2226740	2227690	0.0	1746
BP0023	NZ_CP017405.1	99.79	951	2	0	1	951	2283737	2282787	0.0	1746
BP0023	NZ_CP017405.1	99.79	951	2	0	1	951	2314628	2315578	0.0	1746
BP0023	NZ_CP017405.1	99.79	951	2	0	1	951	2369154	2370104	0.0	1746
BP0023	NZ_CP017405.1	99.79	951	2	0	1	951	2370326	2371276	0.0	1746
BP0023	NZ_CP017405.1	99.79	951	2	0	1	951	2383723	2382773	0.0	1746
BP0023	NZ_CP017405.1	99.79	951	2	0	1	951	2443373	2444323	0.0	1746
BP0023	NZ_CP017405.1	99.79	951	2	0	1	951	2444422	2445372	0.0	1746
BP0023	NZ_CP017405.1	99.79	951	2	0	1	951	2474647	2475597	0.0	1746
BP0023	NZ_CP017405.1	99.79	951	2	0	1	951	2475696	2476646	0.0	1746
BP0023	NZ_CP017405.1	99.79	951	2	0	1	951	2529026	2528076	0.0	1746
BP0023	NZ_CP017405.1	99.79	951	2	0	1	951	2567082	2566132	0.0	1746
BP0023	NZ_CP017405.1	99.79	951	2	0	1	951	2577395	2576445	0.0	1746
BP0023	NZ_CP017405.1	99.79	951	2	0	1	951	2629097	2628147	0.0	1746
BP0023	NZ_CP017405.1	99.79	951	2	0	1	951	2666954	2667904	0.0	1746
BP0023	NZ_CP017405.1	99.79	951	2	0	1	951	2687706	2688656	0.0	1746
BP0023	NZ_CP017405.1	99.79	951	2	0	1	951	2691984	2691034	0.0	1746
BP0023	NZ_CP017405.1	99.79	951	2	0	1	951	2738107	2737157	0.0	1746
BP0023	NZ_CP017405.1	99.79	951	2	0	1	951	2759411	2758461	0.0	1746
BP0023	NZ_CP017405.1	99.79	951	2	0	1	951	2775032	2775982	0.0	1746
BP0023	NZ_CP017405.1	99.79	951	2	0	1	951	2780000	2779050	0.0	1746
BP0023	NZ_CP017405.1	99.79	951	2	0	1	951	2837870	2838820	0.0	1746
BP0023	NZ_CP017405.1	99.79	951	2	0	1	951	2879824	2878874	0.0	1746
BP0023	NZ_CP017405.1	99.79	951	2	0	1	951	2885314	2886264	0.0	1746
BP0023	NZ_CP017405.1	99.79	951	2	0	1	951	2921003	2920053	0.0	1746
BP0023	NZ_CP017405.1	99.79	951	2	0	1	951	2966892	2965942	0.0	1746
BP0023	NZ_CP017405.1	99.79	951	2	0	1	951	2979507	2980457	0.0	1746
BP0023	NZ_CP017405.1	99.79	951	2	0	1	951	2984788	2983838	0.0	1746
BP0023	NZ_CP017405.1	99.79	951	2	0	1	951	3068184	3069134	0.0	1746
BP0023	NZ_CP017405.1	99.79	951	2	0	1	951	3092858	3091908	0.0	1746
BP0023	NZ_CP017405.1	99.79	951	2	0	1	951	3139139	3140089	0.0	1746
BP0023	NZ_CP017405.1	99.79	951	2	0	1	951	3149065	3148115	0.0	1746
BP0023	NZ_CP017405.1	99.79	951	2	0	1	951	3271559	3270609	0.0	1746
BP0023	NZ_CP017405.1	99.79	951	2	0	1	951	3273523	3274473	0.0	1746
BP0023	NZ_CP017405.1	99.79	951	2	0	1	951	3278975	3278025	0.0	1746
BP0023	NZ_CP017405.1	99.79	951	2	0	1	951	3309612	3310562	0.0	1746
BP0023	NZ_CP017405.1	99.79	951	2	0	1	951	3463424	3464374	0.0	1746
BP0023	NZ_CP017405.1	99.79	951	2	0	1	951	3512518	3513468	0.0	1746
BP0023	NZ_CP017405.1	99.79	951	2	0	1	951	3522354	3521404	0.0	1746
BP0023	NZ_CP017405.1	99.79	951	2	0	1	951	3559185	3560135	0.0	1746
BP0023	NZ_CP017405.1	99.79	951	2	0	1	951	3578255	3579205	0.0	1746
BP0023	NZ_CP017405.1	99.79	951	2	0	1	951	3598096	3597146	0.0	1746
BP0023	NZ_CP017405.1	99.79	951	2	0	1	951	3660000	3660950	0.0	1746
BP0023	NZ_CP017405.1	99.79	951	2	0	1	951	3680812	3679862	0.0	1746
BP0023	NZ_CP017405.1	99.79	951	2	0	1	951	3702914	3703864	0.0	1746
BP0023	NZ_CP017405.1	99.79	951	2	0	1	951	3704845	3705795	0.0	1746
BP0023	NZ_CP017405.1	99.79	951	2	0	1	951	3714789	3713839	0.0	1746
BP0023	NZ_CP017405.1	99.79	951	2	0	1	951	3813251	3814201	0.0	1746
BP0023	NZ_CP017405.1	99.79	951	2	0	1	951	3838914	3837964	0.0	1746
BP0023	NZ_CP017405.1	99.79	951	2	0	1	951	3904180	3903230	0.0	1746
BP0023	NZ_CP017405.1	99.79	951	2	0	1	951	4009850	4008900	0.0	1746
BP0023	NZ_CP017405.1	99.79	951	2	0	1	951	4012313	4013263	0.0	1746
BP0023	NZ_CP017405.1	99.79	951	2	0	1	951	4048364	4049314	0.0	1746
BP0023	NZ_CP017405.1	99.79	951	2	0	1	951	4065169	4066119	0.0	1746
BP0023	NZ_CP017405.1	99.79	951	2	0	1	951	4069155	4068205	0.0	1746
BP0023	NZ_CP017405.1	99.79	951	2	0	1	951	4123756	4122806	0.0	1746
BP0023	NZ_CP017405.1	99.79	951	2	0	1	951	4314085	4315035	0.0	1746
BP0023	NZ_CP017405.1	99.79	951	2	0	1	951	4361999	4361049	0.0	1746
BP0023	NZ_CP017405.1	99.79	951	1	1	1	951	1130639	1131588	0.0	1744
BP0023	NZ_CP017405.1	99.79	950	2	0	1	950	3244995	3245944	0.0	1744
BP0023	NZ_CP017405.1	99.79	950	2	0	1	950	3257957	3258906	0.0	1744
BP0023	NZ_CP017405.1	99.79	950	2	0	1	950	3304174	3303225	0.0	1744
BP0023	NZ_CP017405.1	99.79	950	2	0	1	950	3826305	3827254	0.0	1744
BP0023	NZ_CP017405.1	99.79	950	2	0	1	950	4035543	4036492	0.0	1744
BP0023	NZ_CP017405.1	99.89	946	1	0	1	946	404305	405250	0.0	1742
BP0023	NZ_CP017405.1	99.89	946	1	0	1	946	3985377	3986322	0.0	1742
BP0023	NZ_CP017405.1	99.68	951	3	0	1	951	34626	35576	0.0	1740
BP0023	NZ_CP017405.1	99.68	951	3	0	1	951	238369	237419	0.0	1740
BP0023	NZ_CP017405.1	99.68	951	3	0	1	951	556759	557709	0.0	1740
BP0023	NZ_CP017405.1	99.68	951	3	0	1	951	568035	567085	0.0	1740
BP0023	NZ_CP017405.1	99.68	951	3	0	1	951	962894	963844	0.0	1740
BP0023	NZ_CP017405.1	99.68	951	3	0	1	951	1031469	1030519	0.0	1740
BP0023	NZ_CP017405.1	99.68	951	3	0	1	951	1102018	1101068	0.0	1740
BP0023	NZ_CP017405.1	99.68	951	3	0	1	951	1222971	1223921	0.0	1740
BP0023	NZ_CP017405.1	99.68	951	3	0	1	951	1267439	1268389	0.0	1740
BP0023	NZ_CP017405.1	99.68	951	3	0	1	951	1332647	1331697	0.0	1740
BP0023	NZ_CP017405.1	99.68	951	3	0	1	951	1390594	1391544	0.0	1740
BP0023	NZ_CP017405.1	99.68	951	3	0	1	951	1461625	1460675	0.0	1740
BP0023	NZ_CP017405.1	99.68	951	3	0	1	951	1519572	1520522	0.0	1740
BP0023	NZ_CP017405.1	99.68	951	3	0	1	951	1590603	1589653	0.0	1740
BP0023	NZ_CP017405.1	99.68	951	3	0	1	951	1648550	1649500	0.0	1740
BP0023	NZ_CP017405.1	99.68	951	3	0	1	951	1765479	1764529	0.0	1740
BP0023	NZ_CP017405.1	99.68	951	3	0	1	951	1848732	1847782	0.0	1740
BP0023	NZ_CP017405.1	99.68	951	3	0	1	951	1876031	1876981	0.0	1740
BP0023	NZ_CP017405.1	99.68	951	3	0	1	951	1910292	1909342	0.0	1740
BP0023	NZ_CP017405.1	99.68	951	3	0	1	951	2066730	2067680	0.0	1740
BP0023	NZ_CP017405.1	99.68	951	3	0	1	951	2239415	2240365	0.0	1740
BP0023	NZ_CP017405.1	99.68	951	3	0	1	951	2351314	2350364	0.0	1740
BP0023	NZ_CP017405.1	99.68	951	3	0	1	951	2513932	2514882	0.0	1740
BP0023	NZ_CP017405.1	99.68	951	3	0	1	951	2637344	2636394	0.0	1740
BP0023	NZ_CP017405.1	99.68	951	3	0	1	951	2645212	2646162	0.0	1740
BP0023	NZ_CP017405.1	99.68	951	3	0	1	951	2682925	2683875	0.0	1740
BP0023	NZ_CP017405.1	99.68	951	3	0	1	951	2977448	2976498	0.0	1740
BP0023	NZ_CP017405.1	99.68	951	3	0	1	951	3011672	3010722	0.0	1740
BP0023	NZ_CP017405.1	99.68	951	3	0	1	951	3033708	3032758	0.0	1740
BP0023	NZ_CP017405.1	99.68	951	3	0	1	951	3084637	3085587	0.0	1740
BP0023	NZ_CP017405.1	99.68	951	3	0	1	951	3164490	3163540	0.0	1740
BP0023	NZ_CP017405.1	99.68	951	3	0	1	951	3204898	3203948	0.0	1740
BP0023	NZ_CP017405.1	99.68	951	3	0	1	951	3228141	3227191	0.0	1740
BP0023	NZ_CP017405.1	99.68	951	3	0	1	951	3266126	3265176	0.0	1740
BP0023	NZ_CP017405.1	99.68	951	3	0	1	951	3401590	3402540	0.0	1740
BP0023	NZ_CP017405.1	99.68	951	3	0	1	951	3535134	3534184	0.0	1740
BP0023	NZ_CP017405.1	99.68	951	3	0	1	951	3558136	3559086	0.0	1740
BP0023	NZ_CP017405.1	99.68	951	3	0	1	951	3696710	3695760	0.0	1740
BP0023	NZ_CP017405.1	99.68	951	3	0	1	951	3795182	3796132	0.0	1740
BP0023	NZ_CP017405.1	99.68	951	3	0	1	951	3815591	3816541	0.0	1740
BP0023	NZ_CP017405.1	99.68	951	3	0	1	951	3998566	3999516	0.0	1740
BP0023	NZ_CP017405.1	99.68	951	2	1	1	951	2138769	2139718	0.0	1738
BP0023	NZ_CP017405.1	99.58	951	4	0	1	951	653741	652791	0.0	1735
BP0023	NZ_CP017405.1	99.58	951	4	0	1	951	693519	692569	0.0	1735
BP0023	NZ_CP017405.1	99.58	951	4	0	1	951	819961	819011	0.0	1735
BP0023	NZ_CP017405.1	99.58	951	4	0	1	951	1341189	1342139	0.0	1735
BP0023	NZ_CP017405.1	99.58	951	4	0	1	951	1470167	1471117	0.0	1735
BP0023	NZ_CP017405.1	99.58	951	4	0	1	951	1599145	1600095	0.0	1735
BP0023	NZ_CP017405.1	99.58	951	4	0	1	951	1754173	1753223	0.0	1735
BP0023	NZ_CP017405.1	99.58	951	4	0	1	951	2152831	2153781	0.0	1735
BP0023	NZ_CP017405.1	99.58	951	4	0	1	951	2307954	2308904	0.0	1735
BP0023	NZ_CP017405.1	99.58	951	4	0	1	951	2424198	2423248	0.0	1735
BP0023	NZ_CP017405.1	99.58	951	4	0	1	951	2975857	2974907	0.0	1735
BP0023	NZ_CP017405.1	99.58	951	4	0	1	951	3006610	3005660	0.0	1735
BP0023	NZ_CP017405.1	99.68	946	3	0	1	946	3780243	3779298	0.0	1731
BP0023	NZ_CP017405.1	99.47	951	5	0	1	951	35675	36625	0.0	1729
BP0023	NZ_CP017405.1	99.37	951	6	0	1	951	3289515	3288565	0.0	1724
BP0023	NZ_CP017405.1	99.37	951	6	0	1	951	4309518	4308568	0.0	1724
BP0023	NZ_CP017405.1	99.89	935	1	0	1	935	2384762	2383828	0.0	1722
